# wave_AA  flux_cgs  err_cgs (dereddened, line-masked)
4.062500000000000000e+03 1.718757285224518385e-16 7.861226595615269196e-18
4.137500000000000000e+03 1.467443923724542000e-16 7.511665221497921124e-18
4.162500000000000000e+03 1.588292619409711498e-16 7.449046856916288420e-18
4.187500000000000000e+03 1.582953511824932057e-16 8.603401430180797882e-18
4.212500000000000000e+03 1.410123412526120863e-16 1.157908835418693536e-17
4.237500000000000000e+03 1.358223614667221788e-16 6.041388466541965682e-18
4.262500000000000000e+03 1.342997364977558250e-16 5.988046847283692635e-18
4.287500000000000000e+03 1.229881170733886782e-16 5.929792242536357554e-18
4.387500000000000000e+03 1.157847344918157707e-16 5.700887487067359018e-18
4.412500000000000000e+03 1.111233466368400164e-16 5.894580738972495660e-18
4.437500000000000000e+03 1.088390757696431476e-16 6.148268546732355593e-18
4.512500000000000000e+03 1.078577368390059085e-16 4.885932478534422871e-18
4.562500000000000000e+03 1.036365443297560166e-16 5.126365022571841240e-18
4.587500000000000000e+03 1.083909238096143453e-16 5.075907457622233750e-18
4.612500000000000000e+03 1.141184846284127358e-16 5.261646854609634088e-18
4.637500000000000000e+03 1.248829495435898123e-16 5.192643543136136067e-18
4.662500000000000000e+03 1.261539342709566377e-16 7.046104642311288390e-18
4.737500000000000000e+03 1.401113016908218195e-16 5.434936737358168529e-18
4.762500000000000000e+03 1.399965607034509450e-16 5.414499153479463146e-18
4.787500000000000000e+03 1.430068242051490869e-16 5.462252841600886038e-18
4.812500000000000000e+03 1.345436046186681931e-16 5.612705021104093868e-18
4.937500000000000000e+03 1.204166708999152154e-16 5.610494213868293561e-18
4.962500000000000000e+03 1.148483602221434104e-16 4.427357494938803996e-18
4.987500000000000000e+03 1.149208447463568357e-16 4.478629515581514773e-18
5.037500000000000000e+03 1.046927126353872899e-16 4.455294163277231016e-18
5.062500000000000000e+03 1.003345728185534207e-16 3.959329998442520662e-18
5.087500000000000000e+03 1.001495749449569226e-16 4.208171541378856500e-18
5.112500000000000000e+03 9.356485786888928009e-17 3.971042146467977033e-18
5.137500000000000000e+03 9.516202823710139381e-17 3.764874688195778231e-18
5.162500000000000000e+03 9.047120666944154507e-17 3.593535533585588745e-18
5.187500000000000000e+03 9.138795116847486512e-17 4.255515644910318928e-18
5.212500000000000000e+03 8.525886507457603677e-17 4.016474161582988337e-18
5.237500000000000000e+03 8.468048767806822951e-17 3.479486652394208391e-18
5.262500000000000000e+03 7.723336148673741497e-17 3.257541207650961501e-18
5.287500000000000000e+03 7.916598822640071830e-17 3.560732787795042078e-18
5.312500000000000000e+03 7.663878055651490155e-17 3.383718784892245409e-18
5.337500000000000000e+03 7.026799185360755669e-17 3.073277465638150210e-18
5.362500000000000000e+03 7.093228820567904373e-17 4.085139298086968246e-18
5.387500000000000000e+03 6.978043173088476930e-17 3.326666820778837425e-18
5.437500000000000000e+03 6.278179596941663788e-17 3.367294478710698147e-18
5.462500000000000000e+03 6.425630951639509021e-17 2.915580334112354615e-18
5.487500000000000000e+03 6.052388595788950124e-17 3.539117462641923198e-18
5.512500000000000000e+03 6.024095719225734295e-17 2.765227217037752445e-18
5.537500000000000000e+03 6.057516040081943609e-17 2.847904085496977610e-18
5.562500000000000000e+03 5.573154003288562832e-17 3.501089476700652969e-18
5.587500000000000000e+03 5.519603756551648883e-17 3.575098370761522167e-18
5.612500000000000000e+03 5.314381879746152862e-17 2.564574280666455458e-18
5.637500000000000000e+03 5.101153475693401154e-17 2.935929618854205297e-18
5.662500000000000000e+03 5.312849138611499145e-17 2.793821580472560691e-18
5.687500000000000000e+03 4.880713401810969034e-17 2.523697160693920215e-18
5.712500000000000000e+03 4.883606105334944031e-17 2.487240543226451449e-18
5.737500000000000000e+03 4.921712181202507575e-17 2.510051234044101577e-18
5.762500000000000000e+03 4.840537901406760167e-17 3.663014350407621998e-18
5.787500000000000000e+03 4.871060353545146849e-17 2.480327043705360224e-18
5.812500000000000000e+03 4.659424780786313296e-17 5.046294443493743383e-18
5.837500000000000000e+03 5.202142247934198411e-17 3.222835886271964061e-18
5.912500000000000000e+03 6.231788493682645935e-17 3.039638398700764617e-18
5.937500000000000000e+03 6.390526847269409356e-17 2.638054090462828038e-18
5.962500000000000000e+03 7.182188086582950489e-17 2.877511447309860144e-18
5.987500000000000000e+03 7.571579683672796274e-17 3.047152929000038777e-18
6.012500000000000000e+03 7.865501982141132237e-17 2.975906243316120721e-18
6.037500000000000000e+03 8.491772106287351428e-17 3.120771115108358734e-18
6.062500000000000000e+03 9.195739538184289006e-17 3.270292710259552557e-18
6.087500000000000000e+03 9.564913326731253564e-17 3.352162039688066912e-18
6.112500000000000000e+03 9.826008722483355950e-17 3.394516926893391149e-18
6.137500000000000000e+03 1.047880716795395946e-16 3.600453412438681879e-18
6.162500000000000000e+03 1.072529595262505220e-16 3.635628287531865449e-18
6.187500000000000000e+03 1.092731257861713979e-16 3.764839997689857730e-18
6.212500000000000000e+03 1.085692701957309874e-16 3.669166633891007067e-18
6.237500000000000000e+03 1.124008618438173932e-16 3.983212883952908168e-18
6.262500000000000000e+03 1.123647530439911811e-16 3.820871312925054729e-18
6.287500000000000000e+03 1.122323384798998926e-16 4.752586882079901532e-18
6.312500000000000000e+03 1.070119668055382737e-16 3.980302563060710159e-18
6.337500000000000000e+03 1.016709234642616647e-16 3.654980245948773444e-18
6.387500000000000000e+03 9.931708139968792225e-17 3.505068023844619860e-18
6.412500000000000000e+03 9.543537601965606493e-17 3.257887844729316817e-18
6.437500000000000000e+03 9.158422149267941799e-17 3.179299900064196710e-18
6.462500000000000000e+03 9.014713821714633017e-17 3.110138755464215383e-18
6.487500000000000000e+03 8.423203856004232387e-17 2.920693102653019889e-18
6.512500000000000000e+03 8.312881086906286421e-17 3.357336491350152246e-18
6.612500000000000000e+03 5.553027095349058043e-17 2.535408915601278062e-18
6.637500000000000000e+03 5.783112560953986892e-17 2.334580665744551264e-18
6.712500000000000000e+03 4.763846622443084360e-17 1.885128030777348025e-18
6.737500000000000000e+03 4.406352901589810435e-17 1.850324052850808241e-18
6.762500000000000000e+03 4.110240639495837113e-17 1.711143587640427845e-18
6.787500000000000000e+03 4.055528521419978198e-17 1.692145945787934877e-18
6.812500000000000000e+03 3.726070121341236371e-17 1.793368170688790220e-18
6.837500000000000000e+03 3.596338638707566657e-17 2.332690960160847650e-18
6.912500000000000000e+03 3.369708173481416568e-17 1.770533550157079586e-18
6.937500000000000000e+03 3.421737774910172230e-17 1.581495042524843012e-18
6.962500000000000000e+03 3.612948406605776424e-17 1.703631753247737106e-18
6.987500000000000000e+03 3.301916213135392958e-17 1.647880381185935660e-18
7.012500000000000000e+03 3.575099255956764663e-17 1.907100667681242557e-18
7.037500000000000000e+03 3.547978163025075338e-17 1.703080277764624415e-18
7.087500000000000000e+03 2.758641172486460959e-17 1.749626807695493909e-18
7.112500000000000000e+03 3.152620594694616246e-17 1.412522787603135881e-18
7.137500000000000000e+03 2.772303132603074385e-17 1.357658087699205072e-18
7.212500000000000000e+03 2.652719284855586128e-17 1.806209570237113592e-18
7.237500000000000000e+03 2.827975518225030839e-17 1.553553114272282402e-18
7.262500000000000000e+03 2.834523379582785361e-17 2.497046104991209798e-18
7.312500000000000000e+03 2.818892923262845805e-17 1.382563311025862563e-18
7.337500000000000000e+03 2.647719930226573927e-17 1.393312332924068354e-18
7.362500000000000000e+03 2.871487024480641628e-17 1.431664817870801350e-18
7.387500000000000000e+03 2.639081267937420389e-17 1.380314664014796895e-18
7.412500000000000000e+03 2.925517397667775733e-17 1.393213845442530502e-18
7.437500000000000000e+03 2.651982020916521092e-17 1.330343064327515338e-18
7.462500000000000000e+03 2.700830372908331370e-17 1.396097057304286881e-18
7.487500000000000000e+03 2.660580675790993911e-17 1.868127798668609105e-18
7.512500000000000000e+03 2.814015304964114374e-17 1.536344256723377361e-18
7.537500000000000000e+03 2.658830452909782843e-17 1.511367141551745055e-18
7.562500000000000000e+03 2.689452318756239225e-17 1.266611487787388211e-18
7.662500000000000000e+03 2.134308754163730580e-17 1.557761894211079196e-18
7.687500000000000000e+03 2.154034746211151301e-17 1.168072837127133376e-18
7.712500000000000000e+03 2.148724649875585579e-17 1.140645001970784957e-18
7.737500000000000000e+03 2.061724756798838607e-17 1.043306311495377131e-18
7.762500000000000000e+03 1.966431105771628421e-17 1.792085089060645034e-18
7.787500000000000000e+03 1.960754920842816514e-17 1.757379089943766676e-18
7.812500000000000000e+03 2.132646357839697194e-17 1.071510969574052102e-18
7.837500000000000000e+03 2.118864500957551053e-17 1.071202376528166020e-18
7.862500000000000000e+03 2.024129551503517596e-17 1.168290007476649600e-18
7.887500000000000000e+03 2.052137886454179612e-17 1.069497017992402785e-18
7.912500000000000000e+03 2.063826414582386694e-17 1.297913932971130744e-18
7.937500000000000000e+03 2.120754015981167878e-17 1.024677509312768796e-18
7.962500000000000000e+03 1.945355733399225998e-17 1.151166475023778073e-18
7.987500000000000000e+03 2.056509099389855671e-17 1.273511348857298895e-18
8.012500000000000000e+03 2.012233355376745989e-17 1.017269095626425831e-18
8.037500000000000000e+03 2.090230754301490757e-17 1.004870072182749941e-18
8.062500000000000000e+03 2.187482724143400855e-17 1.073753614441972436e-18
8.087500000000000000e+03 2.141998374422838689e-17 9.789059234409376419e-19
8.112500000000000000e+03 2.065535420795612181e-17 9.499585349819715430e-19
8.137500000000000000e+03 2.174155859080915088e-17 9.851685368711506455e-19
8.162500000000000000e+03 1.995397926596039871e-17 1.115229086208539287e-18
8.187500000000000000e+03 2.053893810348983102e-17 1.114955442611347131e-18
8.287500000000000000e+03 2.063530623902057722e-17 1.138490968304922287e-18
8.312500000000000000e+03 1.970844299922188543e-17 1.067478318038318159e-18
8.337500000000000000e+03 1.898800591448546986e-17 1.011222279000283305e-18
8.362500000000000000e+03 1.891296347526066211e-17 1.101590285442505237e-18
8.387500000000000000e+03 1.754869788577741899e-17 8.804137549826143626e-19
8.412500000000000000e+03 1.777937379031186273e-17 9.041808666454199663e-19
8.462500000000000000e+03 1.767997129844248186e-17 1.124419801535754415e-18
8.487500000000000000e+03 1.584894826985687893e-17 1.235432066505120998e-18
8.512500000000000000e+03 1.821716602142319427e-17 1.063154016081142728e-18
8.562500000000000000e+03 2.007111062291399201e-17 1.043076532533202833e-18
8.587500000000000000e+03 1.850093052950253624e-17 8.591444167451976470e-19
8.612500000000000000e+03 2.101262149335955350e-17 9.802201551100016437e-19
8.637500000000000000e+03 2.238489981942730924e-17 1.299517488220219003e-18
8.687500000000000000e+03 2.465146151816321541e-17 1.113791855855489560e-18
8.712500000000000000e+03 2.492382521530605785e-17 1.018480529468792263e-18
8.737500000000000000e+03 2.464704099228023020e-17 1.013699863625564551e-18
8.762500000000000000e+03 2.852827526470463800e-17 1.354574326175166510e-18
8.787500000000000000e+03 2.841209279542229051e-17 1.213326541802967623e-18
8.812500000000000000e+03 3.112960683344530033e-17 1.154046773213664530e-18
8.837500000000000000e+03 3.245623365166724478e-17 1.319840578500236204e-18
8.862500000000000000e+03 3.396885182128259423e-17 1.289902092934541094e-18
8.887500000000000000e+03 3.204690320596379098e-17 1.399020223194324790e-18
9.012500000000000000e+03 3.871255065002508498e-17 1.693257480480685205e-18
9.037500000000000000e+03 3.845737660258145981e-17 1.460112104774484315e-18
9.062500000000000000e+03 3.660531846155201482e-17 1.431376217780026523e-18
9.087500000000000000e+03 3.663636793679197189e-17 1.390292466323408387e-18
9.112500000000000000e+03 3.822908321080138020e-17 1.476290392633879546e-18
9.137500000000000000e+03 3.778372506170908996e-17 1.345632766495054936e-18
9.162500000000000000e+03 3.815019324817286220e-17 1.378515080186614409e-18
9.187500000000000000e+03 3.762472465417231076e-17 1.340737989032926222e-18
9.212500000000000000e+03 3.648006072374762199e-17 1.355796464425888685e-18
