# wave_AA  F_obs  F_err  F_model_total  F_WD  F_spot  F_cyclotron   (dereddened, cgs per AA; adopted solution B=64.35 MG)
4.062500e+03 8.735277e-17 3.459233e-18 8.981758e-17 1.075159e-19 0.000000e+00 8.971007e-17
4.137500e+03 8.164877e-17 3.353075e-18 9.018851e-17 1.083092e-19 0.000000e+00 9.008020e-17
4.162500e+03 7.519444e-17 2.873165e-18 8.962396e-17 1.085812e-19 0.000000e+00 8.951538e-17
4.187500e+03 7.661504e-17 3.555727e-18 8.881155e-17 1.087889e-19 0.000000e+00 8.870276e-17
4.212500e+03 7.154172e-17 4.240022e-18 8.779214e-17 1.089662e-19 0.000000e+00 8.768317e-17
4.237500e+03 7.254558e-17 2.717733e-18 8.659652e-17 1.091173e-19 0.000000e+00 8.648741e-17
4.262500e+03 7.156919e-17 2.685214e-18 8.524586e-17 1.092398e-19 0.000000e+00 8.513662e-17
4.287500e+03 7.415718e-17 2.734750e-18 8.375237e-17 1.093197e-19 0.000000e+00 8.364305e-17
4.387500e+03 7.008276e-17 3.265071e-18 7.636353e-17 1.095589e-19 0.000000e+00 7.625397e-17
4.412500e+03 6.080422e-17 2.732344e-18 7.413578e-17 1.096161e-19 0.000000e+00 7.402617e-17
4.437500e+03 5.947448e-17 2.354619e-18 7.173484e-17 1.096230e-19 0.000000e+00 7.162522e-17
4.512500e+03 5.592742e-17 2.285623e-18 6.345792e-17 1.097393e-19 0.000000e+00 6.334819e-17
4.562500e+03 5.543291e-17 2.249336e-18 5.723296e-17 1.095849e-19 0.000000e+00 5.712337e-17
4.587500e+03 5.610411e-17 2.128802e-18 5.408556e-17 1.094856e-19 0.000000e+00 5.397608e-17
4.612500e+03 5.711572e-17 2.215470e-18 5.108622e-17 1.093686e-19 0.000000e+00 5.097685e-17
4.637500e+03 6.054094e-17 2.248552e-18 4.842052e-17 1.092376e-19 0.000000e+00 4.831128e-17
4.662500e+03 6.286614e-17 2.937666e-18 4.633881e-17 1.090938e-19 0.000000e+00 4.622972e-17
4.737500e+03 5.313708e-17 2.222404e-18 4.652487e-17 1.085795e-19 0.000000e+00 4.641629e-17
4.762500e+03 5.559551e-17 2.043378e-18 4.943357e-17 1.083768e-19 0.000000e+00 4.932519e-17
4.787500e+03 5.839844e-17 2.104472e-18 5.367764e-17 1.081467e-19 0.000000e+00 5.356949e-17
4.812500e+03 6.181043e-17 2.393100e-18 5.880155e-17 1.078465e-19 0.000000e+00 5.869370e-17
4.937500e+03 9.198456e-17 3.392513e-18 7.829983e-17 1.067628e-19 0.000000e+00 7.819307e-17
4.962500e+03 9.103387e-17 3.011275e-18 8.017735e-17 1.065263e-19 0.000000e+00 8.007082e-17
4.987500e+03 9.399925e-17 3.386844e-18 8.190675e-17 1.062678e-19 0.000000e+00 8.180048e-17
5.037500e+03 1.046415e-16 3.511416e-18 8.530384e-17 1.057092e-19 0.000000e+00 8.519813e-17
5.062500e+03 1.045362e-16 3.433528e-18 8.693694e-17 1.054155e-19 0.000000e+00 8.683152e-17
5.087500e+03 9.991657e-17 3.251692e-18 8.845889e-17 1.051133e-19 0.000000e+00 8.835378e-17
5.112500e+03 1.007022e-16 3.345618e-18 8.985495e-17 1.048038e-19 0.000000e+00 8.975015e-17
5.137500e+03 1.023279e-16 3.329556e-18 9.111785e-17 1.044876e-19 0.000000e+00 9.101336e-17
5.162500e+03 1.066111e-16 3.435257e-18 9.222565e-17 1.041651e-19 0.000000e+00 9.212148e-17
5.187500e+03 1.056031e-16 3.593893e-18 9.311978e-17 1.038366e-19 0.000000e+00 9.301595e-17
5.212500e+03 1.033136e-16 3.365802e-18 9.379732e-17 1.035018e-19 0.000000e+00 9.369382e-17
5.237500e+03 1.018803e-16 3.451641e-18 9.429545e-17 1.031615e-19 0.000000e+00 9.419229e-17
5.262500e+03 1.034960e-16 3.342877e-18 9.462878e-17 1.028161e-19 0.000000e+00 9.452596e-17
5.287500e+03 1.055781e-16 3.403136e-18 9.475497e-17 1.024663e-19 0.000000e+00 9.465250e-17
5.312500e+03 1.007440e-16 3.312862e-18 9.468419e-17 1.021126e-19 0.000000e+00 9.458208e-17
5.337500e+03 1.030734e-16 3.335743e-18 9.447141e-17 1.017539e-19 0.000000e+00 9.436966e-17
5.362500e+03 9.971671e-17 3.230467e-18 9.412319e-17 1.013914e-19 0.000000e+00 9.402180e-17
5.387500e+03 9.968696e-17 3.307197e-18 9.359590e-17 1.010222e-19 0.000000e+00 9.349488e-17
5.437500e+03 9.654326e-17 3.183498e-18 9.218298e-17 1.002697e-19 0.000000e+00 9.208271e-17
5.462500e+03 9.264001e-17 3.029892e-18 9.128922e-17 9.988788e-20 0.000000e+00 9.118933e-17
5.487500e+03 9.134228e-17 2.984003e-18 9.027149e-17 9.950328e-20 0.000000e+00 9.017199e-17
5.512500e+03 9.086157e-17 2.961183e-18 8.917926e-17 9.911570e-20 0.000000e+00 8.908015e-17
5.537500e+03 8.696481e-17 2.857100e-18 8.797259e-17 9.872458e-20 0.000000e+00 8.787386e-17
5.562500e+03 8.750347e-17 3.022282e-18 8.665422e-17 9.833040e-20 0.000000e+00 8.655589e-17
5.587500e+03 8.830957e-17 3.211121e-18 8.527608e-17 9.793295e-20 0.000000e+00 8.517815e-17
5.612500e+03 8.703538e-17 2.943892e-18 8.379349e-17 9.753281e-20 0.000000e+00 8.369596e-17
5.637500e+03 8.326762e-17 2.784369e-18 8.222146e-17 9.712983e-20 0.000000e+00 8.212433e-17
5.662500e+03 8.125914e-17 2.694363e-18 8.060427e-17 9.672433e-20 0.000000e+00 8.050755e-17
5.687500e+03 7.764237e-17 2.605362e-18 7.888984e-17 9.631674e-20 0.000000e+00 7.879352e-17
5.712500e+03 7.619987e-17 2.571601e-18 7.712462e-17 9.590644e-20 0.000000e+00 7.702871e-17
5.737500e+03 7.431256e-17 2.598602e-18 7.532337e-17 9.549382e-20 0.000000e+00 7.522788e-17
5.762500e+03 7.324779e-17 2.799102e-18 7.345346e-17 9.507616e-20 0.000000e+00 7.335839e-17
5.787500e+03 7.195086e-17 2.519349e-18 7.158012e-17 9.465876e-20 0.000000e+00 7.148546e-17
5.812500e+03 6.931069e-17 2.483913e-18 6.967415e-17 9.424038e-20 0.000000e+00 6.957991e-17
5.837500e+03 6.708558e-17 2.257286e-18 6.776187e-17 9.382034e-20 0.000000e+00 6.766805e-17
5.912500e+03 5.796253e-17 2.141782e-18 6.214612e-17 9.255098e-20 0.000000e+00 6.205357e-17
5.937500e+03 5.547347e-17 2.196853e-18 6.033750e-17 9.212528e-20 0.000000e+00 6.024537e-17
5.962500e+03 5.380150e-17 2.139181e-18 5.859246e-17 9.169829e-20 0.000000e+00 5.850076e-17
5.987500e+03 5.403261e-17 1.871954e-18 5.691136e-17 9.127031e-20 0.000000e+00 5.682009e-17
6.012500e+03 5.281959e-17 1.799355e-18 5.529612e-17 9.084066e-20 0.000000e+00 5.520528e-17
6.037500e+03 4.933343e-17 1.767895e-18 5.376850e-17 9.040968e-20 0.000000e+00 5.367809e-17
6.062500e+03 4.753496e-17 1.736318e-18 5.231110e-17 8.997772e-20 0.000000e+00 5.222112e-17
6.087500e+03 4.636526e-17 1.605804e-18 5.094993e-17 8.954537e-20 0.000000e+00 5.086038e-17
6.112500e+03 4.489921e-17 1.585716e-18 4.966349e-17 8.911240e-20 0.000000e+00 4.957437e-17
6.137500e+03 4.206062e-17 1.496091e-18 4.847117e-17 8.867842e-20 0.000000e+00 4.838249e-17
6.162500e+03 4.219058e-17 1.586848e-18 4.735500e-17 8.824419e-20 0.000000e+00 4.726676e-17
6.187500e+03 4.031993e-17 1.425666e-18 4.632496e-17 8.780926e-20 0.000000e+00 4.623715e-17
6.212500e+03 3.861933e-17 1.371235e-18 4.536794e-17 8.737361e-20 0.000000e+00 4.528057e-17
6.237500e+03 3.726874e-17 1.347228e-18 4.448655e-17 8.693768e-20 0.000000e+00 4.439961e-17
6.262500e+03 3.640398e-17 1.320617e-18 4.367116e-17 8.650122e-20 0.000000e+00 4.358466e-17
6.287500e+03 3.653004e-17 1.510039e-18 4.292027e-17 8.606389e-20 0.000000e+00 4.283421e-17
6.312500e+03 3.644090e-17 1.722573e-18 4.222619e-17 8.562554e-20 0.000000e+00 4.214057e-17
6.337500e+03 3.815265e-17 1.432896e-18 4.158578e-17 8.518556e-20 0.000000e+00 4.150059e-17
6.387500e+03 3.703436e-17 1.402773e-18 4.044266e-17 8.429762e-20 0.000000e+00 4.035836e-17
6.412500e+03 3.670497e-17 1.291058e-18 3.993051e-17 8.384538e-20 0.000000e+00 3.984667e-17
6.437500e+03 3.630516e-17 1.279867e-18 3.945255e-17 8.338075e-20 0.000000e+00 3.936917e-17
6.462500e+03 3.707429e-17 1.316044e-18 3.900230e-17 8.289017e-20 0.000000e+00 3.891941e-17
6.487500e+03 3.857871e-17 1.341780e-18 3.857465e-17 8.233414e-20 0.000000e+00 3.849231e-17
6.512500e+03 3.898137e-17 1.511555e-18 3.815921e-17 8.156266e-20 0.000000e+00 3.807765e-17
6.612500e+03 3.805118e-17 1.477559e-18 3.630580e-17 7.986003e-20 0.000000e+00 3.622594e-17
6.637500e+03 3.414458e-17 1.204730e-18 3.567837e-17 7.976642e-20 0.000000e+00 3.559860e-17
6.712500e+03 3.258739e-17 1.212972e-18 3.321018e-17 7.871850e-20 0.000000e+00 3.313146e-17
6.737500e+03 3.315832e-17 1.159706e-18 3.230702e-17 7.831543e-20 0.000000e+00 3.222871e-17
6.762500e+03 3.288597e-17 1.150422e-18 3.155366e-17 7.790550e-20 0.000000e+00 3.147576e-17
6.787500e+03 3.214060e-17 1.145225e-18 3.118985e-17 7.749397e-20 0.000000e+00 3.111236e-17
6.812500e+03 3.262348e-17 1.252816e-18 3.132273e-17 7.707996e-20 0.000000e+00 3.124565e-17
6.837500e+03 3.295156e-17 1.518434e-18 3.201042e-17 7.666729e-20 0.000000e+00 3.193376e-17
6.912500e+03 3.554005e-17 1.287359e-18 3.762078e-17 7.543312e-20 0.000000e+00 3.754535e-17
6.937500e+03 3.863324e-17 1.424192e-18 3.969844e-17 7.502337e-20 0.000000e+00 3.962341e-17
6.962500e+03 4.078099e-17 1.382112e-18 4.188856e-17 7.461368e-20 0.000000e+00 4.181394e-17
6.987500e+03 4.210752e-17 1.415965e-18 4.383412e-17 7.420398e-20 0.000000e+00 4.375992e-17
7.012500e+03 4.396438e-17 1.463326e-18 4.586275e-17 7.379533e-20 0.000000e+00 4.578895e-17
7.037500e+03 4.646940e-17 1.588991e-18 4.826951e-17 7.338811e-20 0.000000e+00 4.819612e-17
7.087500e+03 4.505511e-17 1.738543e-18 5.258674e-17 7.257471e-20 0.000000e+00 5.251417e-17
7.112500e+03 4.584898e-17 1.508003e-18 5.476352e-17 7.217029e-20 0.000000e+00 5.469135e-17
7.137500e+03 4.457286e-17 1.497146e-18 5.637775e-17 7.177140e-20 0.000000e+00 5.630598e-17
7.212500e+03 4.776224e-17 1.649268e-18 5.948975e-17 7.058043e-20 0.000000e+00 5.941916e-17
7.237500e+03 5.001901e-17 1.696524e-18 5.989570e-17 7.018607e-20 0.000000e+00 5.982551e-17
7.262500e+03 5.327433e-17 2.202170e-18 5.994059e-17 6.979294e-20 0.000000e+00 5.987080e-17
7.312500e+03 5.670445e-17 1.869184e-18 5.959312e-17 6.900883e-20 0.000000e+00 5.952412e-17
7.337500e+03 5.682384e-17 1.893884e-18 5.926761e-17 6.861889e-20 0.000000e+00 5.919899e-17
7.362500e+03 5.651682e-17 1.921646e-18 5.891244e-17 6.823112e-20 0.000000e+00 5.884421e-17
7.387500e+03 6.010343e-17 1.944764e-18 5.853139e-17 6.784447e-20 0.000000e+00 5.846355e-17
7.412500e+03 6.028205e-17 1.944341e-18 5.814567e-17 6.746243e-20 0.000000e+00 5.807820e-17
7.437500e+03 5.828104e-17 1.891356e-18 5.775835e-17 6.708188e-20 0.000000e+00 5.769126e-17
7.462500e+03 5.845057e-17 1.914169e-18 5.737313e-17 6.670464e-20 0.000000e+00 5.730642e-17
7.487500e+03 6.012507e-17 1.984971e-18 5.699109e-17 6.632780e-20 0.000000e+00 5.692476e-17
7.512500e+03 5.994476e-17 1.961439e-18 5.661258e-17 6.595096e-20 0.000000e+00 5.654663e-17
7.537500e+03 6.099257e-17 2.051869e-18 5.623776e-17 6.557470e-20 0.000000e+00 5.617219e-17
7.562500e+03 5.944602e-17 1.923845e-18 5.586662e-17 6.520155e-20 0.000000e+00 5.580142e-17
7.662500e+03 4.906118e-17 1.763361e-18 5.441817e-17 6.372308e-20 0.000000e+00 5.435445e-17
7.687500e+03 5.183966e-17 1.728915e-18 5.406486e-17 6.335856e-20 0.000000e+00 5.400150e-17
7.712500e+03 5.019450e-17 1.716347e-18 5.371497e-17 6.299839e-20 0.000000e+00 5.365198e-17
7.737500e+03 5.367370e-17 1.731046e-18 5.336847e-17 6.263931e-20 0.000000e+00 5.330584e-17
7.762500e+03 5.124271e-17 1.918322e-18 5.302532e-17 6.228230e-20 0.000000e+00 5.296303e-17
7.787500e+03 5.403631e-17 1.918376e-18 5.268545e-17 6.192618e-20 0.000000e+00 5.262353e-17
7.812500e+03 5.347673e-17 1.751837e-18 5.234885e-17 6.157205e-20 0.000000e+00 5.228728e-17
7.837500e+03 5.211156e-17 1.681106e-18 5.201546e-17 6.121871e-20 0.000000e+00 5.195424e-17
7.862500e+03 5.124406e-17 1.754019e-18 5.168524e-17 6.086753e-20 0.000000e+00 5.162437e-17
7.887500e+03 5.242420e-17 1.685586e-18 5.135815e-17 6.051688e-20 0.000000e+00 5.129763e-17
7.912500e+03 5.239973e-17 1.685209e-18 5.103416e-17 6.016867e-20 0.000000e+00 5.097399e-17
7.937500e+03 5.176116e-17 1.650252e-18 5.071322e-17 5.982189e-20 0.000000e+00 5.065340e-17
7.962500e+03 5.288428e-17 1.937983e-18 5.039530e-17 5.947635e-20 0.000000e+00 5.033582e-17
7.987500e+03 5.321991e-17 1.727875e-18 5.008036e-17 5.913615e-20 0.000000e+00 5.002123e-17
8.012500e+03 5.313110e-17 1.738654e-18 4.976836e-17 5.879598e-20 0.000000e+00 4.970957e-17
8.037500e+03 5.276024e-17 1.790686e-18 4.945927e-17 5.845816e-20 0.000000e+00 4.940081e-17
8.062500e+03 5.408662e-17 1.720477e-18 4.915305e-17 5.812159e-20 0.000000e+00 4.909493e-17
8.087500e+03 5.461265e-17 1.734422e-18 4.884966e-17 5.778597e-20 0.000000e+00 4.879187e-17
8.112500e+03 5.448492e-17 1.742168e-18 4.854907e-17 5.745400e-20 0.000000e+00 4.849162e-17
8.137500e+03 5.572831e-17 1.756484e-18 4.825125e-17 5.712393e-20 0.000000e+00 4.819412e-17
8.162500e+03 5.360458e-17 1.717294e-18 4.795615e-17 5.679472e-20 0.000000e+00 4.789936e-17
8.187500e+03 4.998390e-17 1.815410e-18 4.766376e-17 5.646745e-20 0.000000e+00 4.760729e-17
8.287500e+03 5.184290e-17 1.685787e-18 4.652051e-17 5.517894e-20 0.000000e+00 4.646533e-17
8.312500e+03 5.023987e-17 1.601303e-18 4.624112e-17 5.486134e-20 0.000000e+00 4.618626e-17
8.337500e+03 4.961312e-17 1.580765e-18 4.596424e-17 5.454452e-20 0.000000e+00 4.590969e-17
8.362500e+03 5.083661e-17 1.686763e-18 4.568983e-17 5.422956e-20 0.000000e+00 4.563561e-17
8.387500e+03 4.822317e-17 1.538024e-18 4.541788e-17 5.391771e-20 0.000000e+00 4.536397e-17
8.412500e+03 4.823664e-17 1.538346e-18 4.514835e-17 5.360762e-20 0.000000e+00 4.509474e-17
8.462500e+03 4.442755e-17 1.509276e-18 4.461643e-17 5.299225e-20 0.000000e+00 4.456344e-17
8.487500e+03 4.537917e-17 1.720287e-18 4.435399e-17 5.268719e-20 0.000000e+00 4.430130e-17
8.512500e+03 4.350887e-17 1.454309e-18 4.409386e-17 5.238356e-20 0.000000e+00 4.404147e-17
8.562500e+03 4.521377e-17 1.522176e-18 4.358041e-17 5.178432e-20 0.000000e+00 4.352862e-17
8.587500e+03 4.408286e-17 1.400582e-18 4.332703e-17 5.148639e-20 0.000000e+00 4.327555e-17
8.612500e+03 4.536333e-17 1.440589e-18 4.307587e-17 5.119148e-20 0.000000e+00 4.302467e-17
8.637500e+03 4.233943e-17 1.409661e-18 4.282687e-17 5.089913e-20 0.000000e+00 4.277598e-17
8.687500e+03 4.439205e-17 1.527877e-18 4.233530e-17 5.031653e-20 0.000000e+00 4.228498e-17
8.712500e+03 4.017315e-17 1.295496e-18 4.209265e-17 5.002528e-20 0.000000e+00 4.204262e-17
8.737500e+03 4.212381e-17 1.389502e-18 4.185201e-17 4.973152e-20 0.000000e+00 4.180227e-17
8.762500e+03 4.682485e-17 1.510908e-18 4.161329e-17 4.944977e-20 0.000000e+00 4.156384e-17
8.787500e+03 4.313890e-17 1.484771e-18 4.137633e-17 4.916950e-20 0.000000e+00 4.132716e-17
8.812500e+03 4.139897e-17 1.409670e-18 4.114063e-17 4.888605e-20 0.000000e+00 4.109174e-17
8.837500e+03 4.083141e-17 1.346229e-18 4.090586e-17 4.859395e-20 0.000000e+00 4.085727e-17
8.862500e+03 4.527034e-17 1.604074e-18 4.067054e-17 4.830089e-20 0.000000e+00 4.062224e-17
8.887500e+03 4.737997e-17 1.602355e-18 4.043271e-17 4.804500e-20 0.000000e+00 4.038466e-17
9.012500e+03 4.880258e-17 1.689173e-18 3.904292e-17 4.662771e-20 0.000000e+00 3.899629e-17
9.037500e+03 4.969159e-17 1.663641e-18 3.867320e-17 4.641348e-20 0.000000e+00 3.862679e-17
9.062500e+03 4.022035e-17 1.409056e-18 3.823468e-17 4.616697e-20 0.000000e+00 3.818852e-17
9.087500e+03 4.028619e-17 1.318345e-18 3.771811e-17 4.590386e-20 0.000000e+00 3.767221e-17
9.112500e+03 4.028534e-17 1.289855e-18 3.713552e-17 4.564312e-20 0.000000e+00 3.708988e-17
9.137500e+03 4.023806e-17 1.297358e-18 3.643075e-17 4.538466e-20 0.000000e+00 3.638537e-17
9.162500e+03 3.991198e-17 1.313692e-18 3.564565e-17 4.512655e-20 0.000000e+00 3.560052e-17
9.187500e+03 4.078071e-17 1.315650e-18 3.477515e-17 4.486925e-20 0.000000e+00 3.473028e-17
9.212500e+03 4.169038e-17 1.368352e-18 3.377045e-17 4.460039e-20 0.000000e+00 3.372585e-17
