# wave_AA  F_obs  F_err  F_model_total  F_WD  F_spot  F_cyclotron   (dereddened, cgs per AA; adopted solution B=66.42 MG)
4.012500e+03 1.267447e+01 2.258926e+00 1.899993e+01 3.096718e-22 1.889715e+01 1.027788e-01
4.062500e+03 1.630007e+01 1.329056e+00 1.810041e+01 2.895121e-22 1.802594e+01 7.446645e-02
4.137500e+03 1.698659e+01 1.271855e+00 1.687752e+01 2.716364e-22 1.681104e+01 6.648126e-02
4.162500e+03 1.574927e+01 1.003489e+00 1.647360e+01 3.063635e-22 1.642892e+01 4.467250e-02
4.187500e+03 1.646796e+01 1.447454e+00 1.608828e+01 3.105865e-22 1.605760e+01 3.068696e-02
4.212500e+03 1.719514e+01 1.362682e+00 1.573927e+01 3.080870e-22 1.569669e+01 4.258038e-02
4.237500e+03 1.784510e+01 9.583200e-01 1.536107e+01 3.024717e-22 1.534586e+01 1.521389e-02
4.262500e+03 1.755853e+01 9.668036e-01 1.502697e+01 2.916468e-22 1.500476e+01 2.221032e-02
4.287500e+03 2.024231e+01 1.002537e+00 1.468934e+01 2.659862e-22 1.467308e+01 1.625417e-02
4.387500e+03 1.965381e+01 1.039072e+00 1.343917e+01 2.427995e-22 1.343450e+01 4.673482e-03
4.412500e+03 1.754518e+01 8.934832e-01 1.314801e+01 2.622638e-22 1.314548e+01 2.535619e-03
4.437500e+03 1.635636e+01 9.177399e-01 1.286587e+01 2.656074e-22 1.286418e+01 1.683407e-03
4.487500e+03 1.767796e+01 1.391389e+00 1.232471e+01 2.597559e-22 1.232379e+01 9.225550e-04
4.512500e+03 1.602688e+01 8.204387e-01 1.206496e+01 2.557372e-22 1.206422e+01 7.388628e-04
4.562500e+03 1.322054e+01 9.521234e-01 1.156584e+01 2.473054e-22 1.156526e+01 5.826842e-04
4.587500e+03 1.235968e+01 6.799083e-01 1.133038e+01 2.430460e-22 1.132544e+01 4.940004e-03
4.612500e+03 1.176144e+01 6.556602e-01 1.109814e+01 2.388064e-22 1.109180e+01 6.338276e-03
4.637500e+03 1.203790e+01 6.609005e-01 1.087597e+01 2.345430e-22 1.086416e+01 1.181594e-02
4.662500e+03 1.163117e+01 9.985182e-01 1.068198e+01 2.302243e-22 1.064231e+01 3.966448e-02
4.737500e+03 1.106107e+01 6.286948e-01 1.005948e+01 2.151779e-22 1.000989e+01 4.959506e-02
4.762500e+03 9.971326e+00 5.434420e-01 1.015995e+01 2.077384e-22 9.809562e+00 3.503833e-01
4.787500e+03 1.013765e+01 5.597773e-01 9.704759e+00 1.967507e-22 9.614221e+00 9.053855e-02
4.812500e+03 1.044011e+01 8.497449e-01 1.015379e+01 1.777165e-22 9.423714e+00 7.300761e-01
4.937500e+03 1.152045e+01 7.252873e-01 1.094120e+01 1.799074e-22 8.538873e+00 2.402329e+00
4.962500e+03 1.044812e+01 6.232946e-01 1.119124e+01 1.827701e-22 8.374542e+00 2.816696e+00
4.987500e+03 1.133207e+01 5.724400e-01 1.192693e+01 1.824772e-22 8.214142e+00 3.712787e+00
5.037500e+03 1.143439e+01 6.087985e-01 1.216283e+01 1.784276e-22 7.904691e+00 4.258138e+00
5.062500e+03 1.230469e+01 5.485612e-01 1.167435e+01 1.758329e-22 7.755427e+00 3.918919e+00
5.087500e+03 1.152907e+01 5.337777e-01 1.191952e+01 1.731453e-22 7.609667e+00 4.309853e+00
5.112500e+03 1.272740e+01 5.550136e-01 1.158385e+01 1.704370e-22 7.467314e+00 4.116533e+00
5.137500e+03 1.395207e+01 5.728323e-01 1.156957e+01 1.677481e-22 7.328272e+00 4.241301e+00
5.162500e+03 1.366174e+01 5.740300e-01 1.134360e+01 1.650921e-22 7.192449e+00 4.151147e+00
5.187500e+03 1.414790e+01 5.871296e-01 1.122075e+01 1.624771e-22 7.059756e+00 4.160997e+00
5.212500e+03 1.422366e+01 5.918352e-01 1.103858e+01 1.599054e-22 6.930107e+00 4.108478e+00
5.237500e+03 1.436151e+01 5.845045e-01 1.088540e+01 1.573790e-22 6.803419e+00 4.081981e+00
5.262500e+03 1.556976e+01 6.769619e-01 1.071974e+01 1.548985e-22 6.679611e+00 4.040131e+00
5.287500e+03 1.517756e+01 6.123334e-01 1.056365e+01 1.524630e-22 6.558605e+00 4.005045e+00
5.312500e+03 1.527567e+01 6.168278e-01 1.040677e+01 1.500734e-22 6.440325e+00 3.966449e+00
5.337500e+03 1.481395e+01 6.060157e-01 1.025488e+01 1.477292e-22 6.324698e+00 3.930179e+00
5.362500e+03 1.490988e+01 6.098357e-01 1.010485e+01 1.454530e-22 6.211653e+00 3.893192e+00
5.387500e+03 1.557164e+01 6.662023e-01 9.958471e+00 1.431993e-22 6.101120e+00 3.857351e+00
5.437500e+03 1.378988e+01 6.299127e-01 9.673828e+00 1.388101e-22 5.887330e+00 3.786498e+00
5.462500e+03 1.409262e+01 6.177432e-01 9.535855e+00 1.366794e-22 5.783944e+00 3.751911e+00
5.487500e+03 1.315414e+01 5.940455e-01 9.398532e+00 1.345887e-22 5.682817e+00 3.715714e+00
5.512500e+03 1.288498e+01 5.933274e-01 9.267963e+00 1.325391e-22 5.583889e+00 3.684074e+00
5.537500e+03 1.402441e+01 6.036132e-01 9.084529e+00 1.305285e-22 5.487104e+00 3.597425e+00
5.562500e+03 1.289154e+01 6.899562e-01 9.010431e+00 1.285566e-22 5.392405e+00 3.618026e+00
5.587500e+03 1.186251e+01 7.683951e-01 8.652486e+00 1.266219e-22 5.299739e+00 3.352747e+00
5.612500e+03 1.182497e+01 5.608989e-01 8.762484e+00 1.247234e-22 5.209054e+00 3.553430e+00
5.637500e+03 1.128426e+01 5.648178e-01 8.397945e+00 1.228611e-22 5.120300e+00 3.277645e+00
5.662500e+03 1.142527e+01 5.960246e-01 8.519956e+00 1.210340e-22 5.033427e+00 3.486529e+00
5.687500e+03 1.176513e+01 6.437578e-01 8.141416e+00 1.192401e-22 4.948387e+00 3.193029e+00
5.712500e+03 1.072330e+01 5.881354e-01 8.232670e+00 1.174803e-22 4.865135e+00 3.367534e+00
5.737500e+03 9.855313e+00 5.777360e-01 7.839315e+00 1.157532e-22 4.783626e+00 3.055689e+00
5.762500e+03 9.620663e+00 5.921410e-01 7.530431e+00 1.140413e-22 4.703815e+00 2.826616e+00
5.787500e+03 8.900976e+00 5.838796e-01 7.450064e+00 1.123731e-22 4.625662e+00 2.824402e+00
5.812500e+03 8.899598e+00 6.426905e-01 6.059611e+00 1.107391e-22 4.549124e+00 1.510487e+00
5.837500e+03 8.668591e+00 6.266815e-01 6.896202e+00 1.091348e-22 4.474161e+00 2.422040e+00
5.912500e+03 3.997970e+00 1.074279e+00 5.115278e+00 1.044931e-22 4.258347e+00 8.569307e-01
5.937500e+03 1.210170e+00 7.539997e-01 5.107301e+00 1.030002e-22 4.189311e+00 9.179901e-01
5.962500e+03 -5.471885e-01 7.696803e-01 4.783258e+00 1.015335e-22 4.121668e+00 6.615904e-01
5.987500e+03 6.534228e-02 5.370730e-01 4.330094e+00 1.000922e-22 4.055384e+00 2.747100e-01
6.012500e+03 9.715749e-02 4.653326e-01 4.426723e+00 9.867536e-23 3.990426e+00 4.362968e-01
6.037500e+03 9.025736e-01 4.184201e-01 4.051314e+00 9.728256e-23 3.926764e+00 1.245500e-01
6.062500e+03 6.560582e-01 3.777210e-01 4.085315e+00 9.591297e-23 3.864365e+00 2.209499e-01
6.087500e+03 6.509005e-01 3.468109e-01 3.897420e+00 9.456577e-23 3.803200e+00 9.422038e-02
6.112500e+03 5.599101e-01 4.700691e-01 3.812931e+00 9.324025e-23 3.743240e+00 6.969073e-02
6.137500e+03 1.656979e+00 3.472493e-01 3.745264e+00 9.193512e-23 3.684457e+00 6.080733e-02
6.162500e+03 9.371179e-01 3.273038e-01 3.642273e+00 9.064938e-23 3.626822e+00 1.545059e-02
6.187500e+03 1.321790e+00 3.259883e-01 3.600625e+00 8.938125e-23 3.570310e+00 3.031596e-02
6.212500e+03 1.088506e+00 3.136139e-01 3.525457e+00 8.812965e-23 3.514893e+00 1.056363e-02
6.237500e+03 1.191497e+00 3.442645e-01 3.469979e+00 8.689210e-23 3.460547e+00 9.431679e-03
6.262500e+03 1.253113e+00 3.290092e-01 3.413805e+00 8.566526e-23 3.407247e+00 6.558458e-03
6.287500e+03 4.716208e-01 4.509047e-01 3.356684e+00 8.444519e-23 3.354969e+00 1.715472e-03
6.312500e+03 7.027792e-01 4.328967e-01 3.306732e+00 8.322560e-23 3.303689e+00 3.043318e-03
6.337500e+03 8.561022e-01 3.040190e-01 3.254447e+00 8.199762e-23 3.253385e+00 1.062580e-03
6.387500e+03 1.501902e+00 2.863348e-01 3.156221e+00 7.946118e-23 3.155615e+00 6.061539e-04
6.412500e+03 1.420057e+00 2.650007e-01 3.108351e+00 7.806707e-23 3.108107e+00 2.440052e-04
6.437500e+03 1.747091e+00 2.603490e-01 3.061744e+00 7.646764e-23 3.061489e+00 2.555068e-04
6.462500e+03 2.074496e+00 2.786123e-01 3.016480e+00 7.444779e-23 3.015741e+00 7.384363e-04
6.487500e+03 1.801257e+00 2.597538e-01 2.971218e+00 7.161167e-23 2.970845e+00 3.734423e-04
6.512500e+03 2.255748e+00 4.074550e-01 2.926880e+00 6.699912e-23 2.926781e+00 9.965682e-05
6.612500e+03 3.141671e+00 3.319732e-01 2.769520e+00 6.379703e-23 2.758482e+00 1.103795e-02
6.637500e+03 2.584131e+00 2.377621e-01 2.720472e+00 6.645715e-23 2.718311e+00 2.160651e-03
6.712500e+03 3.037190e+00 2.427892e-01 2.665618e+00 6.686184e-23 2.602105e+00 6.351270e-02
6.737500e+03 3.039054e+00 2.337722e-01 2.819190e+00 6.626018e-23 2.564754e+00 2.544360e-01
6.762500e+03 3.178262e+00 2.332753e-01 2.592869e+00 6.557004e-23 2.528070e+00 6.479864e-02
6.787500e+03 3.558089e+00 2.446202e-01 3.361030e+00 6.485080e-23 2.492040e+00 8.689893e-01
6.812500e+03 3.373430e+00 2.259986e-01 3.055570e+00 6.410500e-23 2.456649e+00 5.989201e-01
6.837500e+03 2.828481e+00 5.254577e-01 2.555171e+00 6.334874e-23 2.421885e+00 1.332870e-01
6.912500e+03 4.027362e+00 3.032007e-01 4.053600e+00 6.109034e-23 2.321214e+00 1.732387e+00
6.937500e+03 3.745517e+00 3.637903e-01 4.599545e+00 6.035314e-23 2.288823e+00 2.310722e+00
6.962500e+03 3.859202e+00 2.522230e-01 3.951009e+00 5.961595e-23 2.256995e+00 1.694013e+00
6.987500e+03 3.820885e+00 3.398479e-01 4.520553e+00 5.888170e-23 2.225718e+00 2.294834e+00
7.012500e+03 4.051600e+00 2.477385e-01 4.472962e+00 5.816703e-23 2.194981e+00 2.277980e+00
7.037500e+03 4.246674e+00 2.633110e-01 4.244838e+00 5.746337e-23 2.164773e+00 2.080065e+00
7.087500e+03 3.700261e+00 3.010613e-01 4.336987e+00 5.606745e-23 2.105898e+00 2.231089e+00
7.112500e+03 3.824336e+00 2.313781e-01 4.267779e+00 5.538821e-23 2.077211e+00 2.190567e+00
7.137500e+03 3.441776e+00 2.245372e-01 4.258463e+00 5.472274e-23 2.049011e+00 2.209451e+00
7.212500e+03 3.675283e+00 2.736663e-01 4.139258e+00 5.278585e-23 1.967233e+00 2.172025e+00
7.237500e+03 3.561691e+00 2.807678e-01 4.083378e+00 5.215508e-23 1.940883e+00 2.142495e+00
7.262500e+03 3.059633e+00 3.439944e-01 4.071491e+00 5.152929e-23 1.914973e+00 2.156518e+00
7.312500e+03 3.490694e+00 2.991159e-01 3.964996e+00 5.031469e-23 1.864436e+00 2.100561e+00
7.337500e+03 3.308404e+00 3.229502e-01 3.988595e+00 4.971814e-23 1.839792e+00 2.148803e+00
7.362500e+03 3.498252e+00 3.018981e-01 3.919957e+00 4.913478e-23 1.815554e+00 2.104403e+00
7.387500e+03 3.599225e+00 2.314252e-01 3.851653e+00 4.855970e-23 1.791714e+00 2.059939e+00
7.412500e+03 3.587510e+00 2.612141e-01 3.914032e+00 4.799698e-23 1.768264e+00 2.145768e+00
7.437500e+03 3.230547e+00 2.397147e-01 3.817027e+00 4.743809e-23 1.745196e+00 2.071831e+00
7.462500e+03 3.258160e+00 2.308749e-01 3.742871e+00 4.688447e-23 1.722503e+00 2.020369e+00
7.487500e+03 3.364169e+00 2.560254e-01 3.839433e+00 4.634380e-23 1.700177e+00 2.139256e+00
7.512500e+03 3.004495e+00 2.187292e-01 3.716340e+00 4.580600e-23 1.678212e+00 2.038128e+00
7.537500e+03 3.461520e+00 2.426999e-01 3.642398e+00 4.528096e-23 1.656601e+00 1.985797e+00
7.562500e+03 3.244511e+00 2.409232e-01 3.757147e+00 4.475827e-23 1.635336e+00 2.121811e+00
7.687500e+03 2.766998e+00 2.173671e-01 3.485732e+00 4.227075e-23 1.533984e+00 1.951748e+00
7.712500e+03 2.648681e+00 3.721390e-01 3.550233e+00 4.180091e-23 1.514664e+00 2.035569e+00
7.737500e+03 2.426418e+00 2.338183e-01 3.413488e+00 4.133108e-23 1.495648e+00 1.917841e+00
7.787500e+03 3.838279e+00 7.848962e-01 3.424871e+00 4.040494e-23 1.458502e+00 1.966370e+00
7.812500e+03 2.429003e+00 2.856820e-01 3.310691e+00 3.995980e-23 1.440361e+00 1.870330e+00
7.837500e+03 2.720090e+00 2.557015e-01 3.282811e+00 3.951466e-23 1.422501e+00 1.860310e+00
7.862500e+03 2.494781e+00 5.211406e-01 3.292125e+00 3.906952e-23 1.404918e+00 1.887208e+00
7.887500e+03 2.761231e+00 3.560379e-01 3.208913e+00 3.864240e-23 1.387605e+00 1.821308e+00
7.912500e+03 2.610062e+00 5.776940e-01 3.174497e+00 3.821910e-23 1.370557e+00 1.803939e+00
7.937500e+03 2.603911e+00 3.114299e-01 3.163521e+00 3.779580e-23 1.353771e+00 1.809750e+00
7.962500e+03 1.946808e+00 2.869225e-01 3.111405e+00 3.737571e-23 1.337241e+00 1.774164e+00
7.987500e+03 2.927866e+00 4.516504e-01 3.078362e+00 3.696832e-23 1.320963e+00 1.757400e+00
8.012500e+03 2.200335e+00 2.285972e-01 3.053262e+00 3.656600e-23 1.304931e+00 1.748331e+00
8.037500e+03 2.282725e+00 2.429243e-01 3.022586e+00 3.616866e-23 1.289142e+00 1.733445e+00
8.062500e+03 1.691070e+00 2.594320e-01 2.995768e+00 3.577753e-23 1.273590e+00 1.722177e+00
8.087500e+03 1.863272e+00 2.250646e-01 2.972788e+00 3.538933e-23 1.258273e+00 1.714515e+00
8.112500e+03 2.414603e+00 2.362198e-01 2.947159e+00 3.501035e-23 1.243185e+00 1.703974e+00
8.137500e+03 2.284876e+00 2.231774e-01 2.920220e+00 3.463184e-23 1.228322e+00 1.691898e+00
8.162500e+03 2.315817e+00 2.212212e-01 2.923188e+00 3.426189e-23 1.213681e+00 1.709507e+00
8.187500e+03 2.229961e+00 3.163621e-01 2.888499e+00 3.389458e-23 1.199257e+00 1.689242e+00
8.287500e+03 1.205641e+00 1.312075e+00 2.790435e+00 3.247794e-23 1.143661e+00 1.646774e+00
8.312500e+03 1.694770e+00 3.168617e-01 2.845331e+00 3.213611e-23 1.130268e+00 1.715063e+00
8.337500e+03 1.906847e+00 2.606186e-01 2.816067e+00 3.179760e-23 1.117070e+00 1.698997e+00
8.362500e+03 1.820519e+00 3.763560e-01 2.737012e+00 3.146308e-23 1.104065e+00 1.632948e+00
8.387500e+03 1.829641e+00 2.879004e-01 2.761724e+00 3.113812e-23 1.091248e+00 1.670476e+00
8.412500e+03 2.020158e+00 3.384898e-01 2.785896e+00 3.081731e-23 1.078617e+00 1.707280e+00
8.462500e+03 1.609586e+00 1.612125e+00 2.644414e+00 3.018062e-23 1.053897e+00 1.590517e+00
8.512500e+03 1.925149e+00 3.220628e-01 2.645630e+00 2.955527e-23 1.029882e+00 1.615748e+00
8.562500e+03 1.662103e+00 2.653653e-01 2.664513e+00 2.898476e-23 1.006547e+00 1.657966e+00
8.587500e+03 2.230413e+00 2.656897e-01 2.599275e+00 2.870778e-23 9.951268e-01 1.604148e+00
8.612500e+03 1.456575e+00 3.231528e-01 2.521524e+00 2.843888e-23 9.838684e-01 1.537656e+00
8.637500e+03 2.242355e+00 4.651456e-01 2.551489e+00 2.816757e-23 9.727687e-01 1.578720e+00
8.687500e+03 2.112246e+00 5.758966e-01 2.469370e+00 2.762632e-23 9.510349e-01 1.518336e+00
8.712500e+03 1.479971e+00 2.470863e-01 2.431178e+00 2.734336e-23 9.403956e-01 1.490783e+00
8.737500e+03 1.777549e+00 2.330571e-01 2.474561e+00 2.699051e-23 9.299046e-01 1.544657e+00
8.762500e+03 2.126687e-01 5.382234e+00 2.416432e+00 2.672716e-23 9.195595e-01 1.496873e+00
8.787500e+03 1.018659e+00 5.407018e-01 2.370811e+00 2.655287e-23 9.093578e-01 1.461453e+00
8.812500e+03 1.517162e+00 3.611810e-01 2.388592e+00 2.625634e-23 8.992971e-01 1.489295e+00
8.837500e+03 1.792234e+00 5.170612e+00 2.360407e+00 2.586501e-23 8.893752e-01 1.471032e+00
8.862500e+03 7.582626e-01 9.068510e-01 2.318211e+00 2.541952e-23 8.795897e-01 1.438621e+00
8.887500e+03 7.344405e-01 1.121351e+00 2.298914e+00 2.545110e-23 8.699383e-01 1.428976e+00
9.012500e+03 -5.576699e-01 6.927276e-01 2.213852e+00 2.347277e-23 8.236190e-01 1.390233e+00
9.037500e+03 -5.040232e+00 2.265815e+00 2.189598e+00 2.371668e-23 8.147280e-01 1.374870e+00
