# wave_AA  flux_cgs  err_cgs (dereddened, line-masked)
4.012500000000000000e+03 1.267446874689798086e+01 2.258925833461223220e+00
4.062500000000000000e+03 1.630006832729652544e+01 1.329055946004221056e+00
4.137500000000000000e+03 1.698659241969562927e+01 1.271855174472555028e+00
4.162500000000000000e+03 1.574926811154539585e+01 1.003489136658591629e+00
4.187500000000000000e+03 1.646796337704509483e+01 1.447453657825985784e+00
4.212500000000000000e+03 1.719514231602711263e+01 1.362682133825597663e+00
4.237500000000000000e+03 1.784510020385808104e+01 9.583200385021066747e-01
4.262500000000000000e+03 1.755852896020999765e+01 9.668035920986088883e-01
4.287500000000000000e+03 2.024230888068958834e+01 1.002536667203467458e+00
4.387500000000000000e+03 1.965381131248566149e+01 1.039072346076637343e+00
4.412500000000000000e+03 1.754517573868673352e+01 8.934831862768031208e-01
4.437500000000000000e+03 1.635635727569741960e+01 9.177398947200987589e-01
4.487500000000000000e+03 1.767795583237131396e+01 1.391388682347806105e+00
4.512500000000000000e+03 1.602687642326630879e+01 8.204387235653506361e-01
4.562500000000000000e+03 1.322053614984505820e+01 9.521233776215812794e-01
4.587500000000000000e+03 1.235968461477088276e+01 6.799082538330020187e-01
4.612500000000000000e+03 1.176143984446528101e+01 6.556601903431040768e-01
4.637500000000000000e+03 1.203790024554965044e+01 6.609005039704912710e-01
4.662500000000000000e+03 1.163117018075588760e+01 9.985182234413030322e-01
4.737500000000000000e+03 1.106106554886394555e+01 6.286948422979581341e-01
4.762500000000000000e+03 9.971325950111600278e+00 5.434420271732469665e-01
4.787500000000000000e+03 1.013764782810781817e+01 5.597772914873729855e-01
4.812500000000000000e+03 1.044010537813299599e+01 8.497448624265686590e-01
4.937500000000000000e+03 1.152044674655004641e+01 7.252873252119543812e-01
4.962500000000000000e+03 1.044811986532200798e+01 6.232945764835644553e-01
4.987500000000000000e+03 1.133206611638321881e+01 5.724400338816616474e-01
5.037500000000000000e+03 1.143439458477105575e+01 6.087985100023362017e-01
5.062500000000000000e+03 1.230469063244788508e+01 5.485611590389977144e-01
5.087500000000000000e+03 1.152906633998490271e+01 5.337776608361733954e-01
5.112500000000000000e+03 1.272739959999283066e+01 5.550136047471373457e-01
5.137500000000000000e+03 1.395206724270756204e+01 5.728323074469849896e-01
5.162500000000000000e+03 1.366174406463468394e+01 5.740299971947498969e-01
5.187500000000000000e+03 1.414789834096744769e+01 5.871296235626203286e-01
5.212500000000000000e+03 1.422366466391227036e+01 5.918351603338319888e-01
5.237500000000000000e+03 1.436151252085961794e+01 5.845045498045584598e-01
5.262500000000000000e+03 1.556976485218785555e+01 6.769618835128362599e-01
5.287500000000000000e+03 1.517755746870519395e+01 6.123333549336438253e-01
5.312500000000000000e+03 1.527566928351800790e+01 6.168277634879484328e-01
5.337500000000000000e+03 1.481394518155842555e+01 6.060157060542704643e-01
5.362500000000000000e+03 1.490988457478443685e+01 6.098356747256363786e-01
5.387500000000000000e+03 1.557164011061953346e+01 6.662022657728058350e-01
5.437500000000000000e+03 1.378988335661825282e+01 6.299127270918011279e-01
5.462500000000000000e+03 1.409261993196631835e+01 6.177432224908688818e-01
5.487500000000000000e+03 1.315414388579014471e+01 5.940455076953794489e-01
5.512500000000000000e+03 1.288498248045820205e+01 5.933274495433503715e-01
5.537500000000000000e+03 1.402441125878160477e+01 6.036131802731877771e-01
5.562500000000000000e+03 1.289153694009816853e+01 6.899561722727932667e-01
5.587500000000000000e+03 1.186251179216314178e+01 7.683950617220934864e-01
5.612500000000000000e+03 1.182497424295058330e+01 5.608988775084126077e-01
5.637500000000000000e+03 1.128425656966849111e+01 5.648178473441102243e-01
5.662500000000000000e+03 1.142527047501096504e+01 5.960245958730887583e-01
5.687500000000000000e+03 1.176512725330131026e+01 6.437577768531866917e-01
5.712500000000000000e+03 1.072330377345626395e+01 5.881354186749936375e-01
5.737500000000000000e+03 9.855313450903382844e+00 5.777359933628447575e-01
5.762500000000000000e+03 9.620662874916247276e+00 5.921410217446336777e-01
5.787500000000000000e+03 8.900976041382270054e+00 5.838795910006233658e-01
5.812500000000000000e+03 8.899598348565438855e+00 6.426904605044093666e-01
5.837500000000000000e+03 8.668590976264335168e+00 6.266815243560549531e-01
5.912500000000000000e+03 3.997969964227725104e+00 1.074279290364266615e+00
5.937500000000000000e+03 1.210170090398081655e+00 7.539997325290784813e-01
5.962500000000000000e+03 -5.471885196811383523e-01 7.696802974541474551e-01
5.987500000000000000e+03 6.534228161549648917e-02 5.370729519791587192e-01
6.012500000000000000e+03 9.715748611202762453e-02 4.653325988899314480e-01
6.037500000000000000e+03 9.025736468754692599e-01 4.184201107376662732e-01
6.062500000000000000e+03 6.560582125600704639e-01 3.777209601185960164e-01
6.087500000000000000e+03 6.509005256295546937e-01 3.468109190513761764e-01
6.112500000000000000e+03 5.599100843109324765e-01 4.700691310020410629e-01
6.137500000000000000e+03 1.656979010581479228e+00 3.472493178401371283e-01
6.162500000000000000e+03 9.371178677892179065e-01 3.273038289923186905e-01
6.187500000000000000e+03 1.321789871358674207e+00 3.259883390965303551e-01
6.212500000000000000e+03 1.088505934103007000e+00 3.136138995558993559e-01
6.237500000000000000e+03 1.191497200357690911e+00 3.442645009136877654e-01
6.262500000000000000e+03 1.253112907995786784e+00 3.290092482383891181e-01
6.287500000000000000e+03 4.716207894378705023e-01 4.509046847861307716e-01
6.312500000000000000e+03 7.027791859341070424e-01 4.328966594512365651e-01
6.337500000000000000e+03 8.561022073543217425e-01 3.040190453128586157e-01
6.387500000000000000e+03 1.501901925281106776e+00 2.863348344945232382e-01
6.412500000000000000e+03 1.420056996689983420e+00 2.650007051192945773e-01
6.437500000000000000e+03 1.747090692956084323e+00 2.603490105149757761e-01
6.462500000000000000e+03 2.074495711406388665e+00 2.786123479510937972e-01
6.487500000000000000e+03 1.801256542376449499e+00 2.597538425453303490e-01
6.512500000000000000e+03 2.255747911890103374e+00 4.074550218751760711e-01
6.612500000000000000e+03 3.141671399916015517e+00 3.319731842007430656e-01
6.637500000000000000e+03 2.584131023121663873e+00 2.377620958395222639e-01
6.712500000000000000e+03 3.037190484668921719e+00 2.427891651685008534e-01
6.737500000000000000e+03 3.039054466624416140e+00 2.337722298009800304e-01
6.762500000000000000e+03 3.178262024527979790e+00 2.332752705060003040e-01
6.787500000000000000e+03 3.558088864530677409e+00 2.446201506443911600e-01
6.812500000000000000e+03 3.373430020279816866e+00 2.259985517150674694e-01
6.837500000000000000e+03 2.828480759767292074e+00 5.254577382017714404e-01
6.912500000000000000e+03 4.027361860400945126e+00 3.032007347763349681e-01
6.937500000000000000e+03 3.745516897275395607e+00 3.637903303555954926e-01
6.962500000000000000e+03 3.859202413370200535e+00 2.522229817213846315e-01
6.987500000000000000e+03 3.820885499678560393e+00 3.398479086555796780e-01
7.012500000000000000e+03 4.051600353287814649e+00 2.477384664498470390e-01
7.037500000000000000e+03 4.246674296603060839e+00 2.633109899297192413e-01
7.087500000000000000e+03 3.700260734037659649e+00 3.010613122720848800e-01
7.112500000000000000e+03 3.824336320460818062e+00 2.313780919993021767e-01
7.137500000000000000e+03 3.441776351039357085e+00 2.245372331440823044e-01
7.212500000000000000e+03 3.675283254513013631e+00 2.736662981089545976e-01
7.237500000000000000e+03 3.561691232742731028e+00 2.807677625143363831e-01
7.262500000000000000e+03 3.059633393887583264e+00 3.439943786156393624e-01
7.312500000000000000e+03 3.490693627137107846e+00 2.991159111941451565e-01
7.337500000000000000e+03 3.308403930160493722e+00 3.229501574028031397e-01
7.362500000000000000e+03 3.498252224654826659e+00 3.018980633468114072e-01
7.387500000000000000e+03 3.599225292033958024e+00 2.314252074032060180e-01
7.412500000000000000e+03 3.587510230861007621e+00 2.612140559556772601e-01
7.437500000000000000e+03 3.230546928940814411e+00 2.397147167532828471e-01
7.462500000000000000e+03 3.258160237057713182e+00 2.308748649617579363e-01
7.487500000000000000e+03 3.364169058828301750e+00 2.560253961661013711e-01
7.512500000000000000e+03 3.004495167131015165e+00 2.187292331565131032e-01
7.537500000000000000e+03 3.461519615988294607e+00 2.426999135347658321e-01
7.562500000000000000e+03 3.244510615747075555e+00 2.409232345008182341e-01
7.687500000000000000e+03 2.766997551972704805e+00 2.173670544967284401e-01
7.712500000000000000e+03 2.648681224410176061e+00 3.721389975754559321e-01
7.737500000000000000e+03 2.426417574787642195e+00 2.338183062354013964e-01
7.787500000000000000e+03 3.838279366377116641e+00 7.848962157300730658e-01
7.812500000000000000e+03 2.429003103383439388e+00 2.856820095322479269e-01
7.837500000000000000e+03 2.720089721805354355e+00 2.557014534830902575e-01
7.862500000000000000e+03 2.494780624948083947e+00 5.211406190961699325e-01
7.887500000000000000e+03 2.761230879460438103e+00 3.560379282804300716e-01
7.912500000000000000e+03 2.610062074992558934e+00 5.776939594653468513e-01
7.937500000000000000e+03 2.603910679936288108e+00 3.114298614290171296e-01
7.962500000000000000e+03 1.946808445901639040e+00 2.869225219087577217e-01
7.987500000000000000e+03 2.927865858248804187e+00 4.516503998360257288e-01
8.012500000000000000e+03 2.200334598627408322e+00 2.285971825844802241e-01
8.037500000000000000e+03 2.282725396976458931e+00 2.429243454434817928e-01
8.062500000000000000e+03 1.691070489756562489e+00 2.594319793238383243e-01
8.087500000000000000e+03 1.863271509222571121e+00 2.250646376796540116e-01
8.112500000000000000e+03 2.414603284446066755e+00 2.362198182289073911e-01
8.137500000000000000e+03 2.284875782346566631e+00 2.231774105368104222e-01
8.162500000000000000e+03 2.315816763373597542e+00 2.212211826323695341e-01
8.187500000000000000e+03 2.229961206155269160e+00 3.163620506613539218e-01
8.287500000000000000e+03 1.205640599135561430e+00 1.312074863428675853e+00
8.312500000000000000e+03 1.694770153131269996e+00 3.168617391601556421e-01
8.337500000000000000e+03 1.906846709697679776e+00 2.606185588229783523e-01
8.362500000000000000e+03 1.820518965406289658e+00 3.763559925336821821e-01
8.387500000000000000e+03 1.829641155275729680e+00 2.879003548356675601e-01
8.412500000000000000e+03 2.020157612772005784e+00 3.384897762091893525e-01
8.462500000000000000e+03 1.609586225396135939e+00 1.612125069626460405e+00
8.512500000000000000e+03 1.925149054855618935e+00 3.220628436758702917e-01
8.562500000000000000e+03 1.662102885194058244e+00 2.653652972010817623e-01
8.587500000000000000e+03 2.230412635277620570e+00 2.656896804818327795e-01
8.612500000000000000e+03 1.456575205641297499e+00 3.231527774227207495e-01
8.637500000000000000e+03 2.242355104237488295e+00 4.651455565292937910e-01
8.687500000000000000e+03 2.112246489998490517e+00 5.758966101835421014e-01
8.712500000000000000e+03 1.479971372132651064e+00 2.470862575488721735e-01
8.737500000000000000e+03 1.777548989635748589e+00 2.330571073454449915e-01
8.762500000000000000e+03 2.126686534691888120e-01 5.382233976278856247e+00
8.787500000000000000e+03 1.018659294303821516e+00 5.407018285924620749e-01
8.812500000000000000e+03 1.517161972614986531e+00 3.611809612551803439e-01
8.837500000000000000e+03 1.792234447863006119e+00 5.170611698748858842e+00
8.862500000000000000e+03 7.582625677254715146e-01 9.068509505854587260e-01
8.887500000000000000e+03 7.344404682325426093e-01 1.121350937771897538e+00
9.012500000000000000e+03 -5.576698810713031085e-01 6.927275876164958879e-01
9.037500000000000000e+03 -5.040232119310598335e+00 2.265814551659393494e+00
