4.550479e-07 2.321124e-01
4.551263e-07 3.762905e-01
4.552047e-07 0.000000e+00
4.552831e-07 2.007774e-01
4.553616e-07 5.367333e-01
4.554400e-07 2.742100e-01
4.555185e-07 1.387471e-01
4.555970e-07 0.000000e+00
4.556755e-07 2.727882e-01
4.557540e-07 1.580685e-01
4.558325e-07 2.930764e-01
4.559110e-07 2.655232e-01
4.559895e-07 1.933275e-01
4.560681e-07 4.493108e-02
4.561466e-07 3.203310e-01
4.562252e-07 4.415197e-01
4.563037e-07 2.709115e-02
4.563823e-07 1.486992e-01
4.564609e-07 2.497988e-01
4.565395e-07 2.530972e-01
4.566181e-07 3.830153e-01
4.566967e-07 1.038933e-01
4.567754e-07 3.863137e-01
4.568540e-07 2.655658e-01
4.569326e-07 6.783380e-02
4.570113e-07 3.033697e-01
4.570900e-07 6.936928e-03
4.571686e-07 1.192750e-01
4.572473e-07 3.146867e-01
4.573260e-07 2.616134e-01
4.574047e-07 2.707836e-01
4.574835e-07 1.118024e-01
4.575622e-07 4.041565e-01
4.576409e-07 5.304065e-01
4.577197e-07 4.081516e-01
4.577984e-07 6.248097e-01
4.578772e-07 3.462919e-01
4.579560e-07 3.475857e-01
4.580348e-07 4.840011e-01
4.581136e-07 3.605235e-01
4.581924e-07 2.663478e-01
4.582712e-07 2.359795e-01
4.583500e-07 4.527230e-01
4.584289e-07 3.623575e-01
4.585077e-07 6.521781e-02
4.585866e-07 0.000000e+00
4.586654e-07 1.420782e-01
4.587443e-07 5.901194e-01
4.588232e-07 4.622628e-01
4.589021e-07 5.359513e-01
4.589810e-07 4.841291e-01
4.590599e-07 5.046447e-01
4.591389e-07 2.144545e-01
4.592178e-07 4.161275e-01
4.592967e-07 4.997113e-01
4.593757e-07 2.677268e-01
4.594547e-07 2.059098e-02
4.595336e-07 3.853754e-01
4.596126e-07 3.151986e-01
4.596916e-07 3.106917e-01
4.597706e-07 4.157721e-01
4.598496e-07 1.487703e-01
4.599287e-07 2.827261e-01
4.600077e-07 3.596562e-01
4.600868e-07 5.583863e-01
4.601658e-07 2.477515e-01
4.602449e-07 1.814560e-01
4.603239e-07 2.849156e-01
4.604030e-07 3.183406e-01
4.604821e-07 2.430029e-01
4.605612e-07 1.874841e-01
4.606403e-07 3.741010e-01
4.607195e-07 3.208571e-01
4.607986e-07 1.466093e-01
4.608777e-07 1.176286e-01
4.609569e-07 3.468748e-01
4.610361e-07 3.006542e-01
4.611152e-07 4.088767e-01
4.611944e-07 2.418513e-01
4.612736e-07 4.586374e-01
4.613528e-07 2.152222e-01
4.614320e-07 3.069952e-01
4.615112e-07 1.188229e-01
4.615905e-07 4.476047e-01
4.616697e-07 9.478989e-02
4.617490e-07 2.309039e-01
4.618282e-07 2.641725e-01
4.619075e-07 1.248013e-01
4.619868e-07 2.637602e-01
4.620661e-07 3.017063e-01
4.719715e-07 2.602343e-01
4.720520e-07 3.885601e-01
4.721324e-07 3.760488e-01
4.722129e-07 3.694662e-01
4.722934e-07 2.285012e-01
4.723739e-07 3.152270e-01
4.724544e-07 3.066682e-01
4.725349e-07 1.106067e-01
4.726154e-07 2.436142e-01
4.726960e-07 3.786221e-01
4.727765e-07 2.829394e-01
4.728571e-07 2.427754e-01
4.729376e-07 1.849677e-01
4.730182e-07 2.387235e-01
4.730988e-07 3.066539e-01
4.731794e-07 3.939769e-01
4.732600e-07 5.040476e-01
4.733406e-07 2.699448e-01
4.734212e-07 5.660779e-02
4.735018e-07 1.200271e-01
4.735825e-07 2.340460e-01
4.736631e-07 3.419130e-01
4.737438e-07 2.691486e-01
4.738244e-07 2.690206e-01
4.739051e-07 1.580400e-01
4.739858e-07 3.615613e-01
4.740664e-07 3.486378e-01
4.741471e-07 2.060662e-01
4.742279e-07 1.760534e-01
4.743086e-07 3.887307e-01
4.743893e-07 1.941947e-01
4.744700e-07 2.549597e-01
4.745508e-07 3.072937e-01
4.746315e-07 3.290178e-01
4.747123e-07 3.659829e-01
4.747931e-07 1.395532e-01
4.748738e-07 4.234637e-02
4.749546e-07 3.154545e-01
4.750354e-07 2.612722e-01
4.751162e-07 1.340696e-01
4.751970e-07 2.664899e-01
4.752778e-07 1.671960e-01
4.753587e-07 3.865128e-01
4.754395e-07 2.630209e-01
4.755204e-07 1.568884e-01
4.756012e-07 2.463724e-01
4.756821e-07 1.627744e-01
4.757630e-07 4.352498e-01
4.758438e-07 5.982801e-01
4.759247e-07 4.161844e-01
4.760056e-07 1.614095e-01
4.760866e-07 0.000000e+00
4.761675e-07 4.170232e-01
4.762484e-07 1.844416e-01
4.763293e-07 4.608979e-01
4.764103e-07 3.333541e-01
4.764912e-07 3.233451e-01
4.765722e-07 3.867260e-01
4.766532e-07 2.651251e-01
4.767342e-07 2.334346e-01
4.768151e-07 1.247672e-01
4.768961e-07 3.383018e-01
4.769771e-07 2.404864e-01
4.770582e-07 6.682864e-02
4.771392e-07 7.869159e-02
4.772202e-07 3.714424e-01
4.773013e-07 2.516044e-01
4.773823e-07 1.656890e-01
4.774634e-07 2.512205e-01
4.775444e-07 2.227574e-01
4.776255e-07 5.331931e-01
4.777066e-07 8.589125e-02
4.777877e-07 3.712433e-02
4.778688e-07 1.466946e-01
4.779499e-07 2.143691e-01
4.780310e-07 1.399570e-01
4.781122e-07 3.621727e-01
4.781933e-07 2.445526e-01
4.782744e-07 1.981045e-01
4.783556e-07 1.138795e-01
4.784368e-07 2.287002e-01
4.785179e-07 8.794282e-02
4.785991e-07 2.871477e-01
4.786803e-07 1.905835e-01
4.787615e-07 2.980809e-01
4.788427e-07 3.890008e-01
4.789239e-07 3.764042e-01
4.790051e-07 3.313353e-01
4.790864e-07 3.275250e-01
4.791676e-07 2.797832e-01
4.792489e-07 3.676179e-01
4.793301e-07 3.986260e-01
4.794114e-07 4.294918e-01
4.794927e-07 3.496756e-01
4.795740e-07 3.080757e-01
4.796553e-07 4.290653e-01
4.797366e-07 2.193026e-01
4.798179e-07 4.050806e-01
4.798992e-07 2.738403e-01
4.799805e-07 4.956451e-01
4.800619e-07 1.109579e-01
4.801432e-07 3.387994e-01
4.802246e-07 5.514340e-01
4.803059e-07 2.580448e-01
4.803873e-07 2.879581e-01
4.804687e-07 1.272865e-01
4.805501e-07 2.685515e-01
4.806315e-07 1.954601e-01
4.807129e-07 1.984315e-01
4.807943e-07 3.326148e-01
4.808757e-07 2.630209e-01
4.809571e-07 3.417139e-01
4.810386e-07 3.512395e-01
4.811200e-07 2.090661e-01
4.812015e-07 3.807690e-01
4.812829e-07 3.935788e-01
4.813644e-07 3.355720e-01
4.814459e-07 4.468654e-01
4.815274e-07 3.371359e-01
4.816089e-07 4.151892e-01
4.816904e-07 1.315687e-01
4.817719e-07 3.669355e-01
4.818534e-07 3.851906e-01
4.819350e-07 4.876834e-01
4.820165e-07 5.128908e-01
4.820981e-07 3.687695e-01
4.821796e-07 4.746319e-01
4.881559e-07 3.785368e-01
4.882380e-07 5.170422e-01
4.883202e-07 5.381834e-01
4.884024e-07 5.363636e-01
4.884846e-07 4.518415e-01
4.885668e-07 5.283877e-01
4.886490e-07 5.465432e-01
4.887312e-07 4.124168e-01
4.888135e-07 4.564337e-01
4.888957e-07 3.915315e-01
4.889779e-07 4.136253e-01
4.890602e-07 4.348660e-01
4.891424e-07 4.169948e-01
4.892247e-07 1.562202e-01
4.893070e-07 4.106680e-01
4.893893e-07 4.131134e-01
4.894716e-07 2.629925e-01
4.895539e-07 4.249280e-01
4.896362e-07 5.040476e-01
4.897185e-07 4.051659e-01
4.898008e-07 4.504624e-01
4.898831e-07 4.899155e-01
4.899655e-07 3.719258e-01
4.900478e-07 5.327097e-01
4.901302e-07 3.073790e-01
4.902125e-07 2.206106e-01
4.933482e-07 7.085641e-01
4.934308e-07 6.801721e-01
4.935135e-07 4.470645e-01
4.935962e-07 4.124736e-01
4.936789e-07 5.605189e-01
4.937616e-07 5.089810e-01
4.938443e-07 5.649973e-01
4.939270e-07 5.058247e-01
4.940097e-07 4.946357e-01
4.940925e-07 1.306503e-01
4.941752e-07 7.531924e-01
4.942580e-07 4.597605e-01
4.943407e-07 5.418373e-01
4.944235e-07 5.050286e-01
4.945063e-07 3.701060e-01
4.945890e-07 4.406098e-01
4.946718e-07 3.521921e-01
4.947546e-07 1.948487e-01
4.948374e-07 5.254447e-01
4.949202e-07 5.100331e-01
4.950030e-07 4.724851e-01
4.950859e-07 5.536803e-01
4.951687e-07 6.004838e-01
4.952515e-07 6.388991e-01
4.953344e-07 5.129050e-01
4.954172e-07 3.454104e-01
4.955001e-07 4.977635e-01
4.955830e-07 4.879251e-01
4.956658e-07 3.588032e-01
4.957487e-07 4.103979e-01
4.958316e-07 3.172601e-01
4.959145e-07 3.927968e-01
4.959974e-07 5.869631e-01
4.960803e-07 4.768640e-01
4.961633e-07 3.456095e-01
4.962462e-07 2.559122e-01
4.963291e-07 5.428894e-01
4.964121e-07 3.017774e-01
4.964950e-07 3.620021e-01
4.965780e-07 2.323399e-01
4.966610e-07 4.884227e-01
4.967440e-07 4.877545e-01
4.968269e-07 4.134546e-01
4.969099e-07 2.175254e-01
4.969929e-07 5.417804e-01
4.970759e-07 4.074976e-01
4.971589e-07 3.318186e-01
4.972420e-07 3.111608e-01
4.973250e-07 5.110425e-01
4.974080e-07 3.672909e-01
4.974911e-07 3.176013e-01
4.975741e-07 4.537040e-01
4.976572e-07 4.488274e-01
4.977403e-07 4.862048e-01
4.978233e-07 5.020856e-01
4.979064e-07 4.570735e-01
4.979895e-07 5.226296e-01
4.980726e-07 3.371786e-01
4.981557e-07 5.026827e-01
4.982388e-07 5.340462e-01
4.983219e-07 5.941571e-01
4.984051e-07 4.512586e-01
4.984882e-07 6.139477e-01
5.058327e-07 6.093697e-01
5.059165e-07 5.973134e-01
5.060003e-07 6.981428e-01
5.060841e-07 6.124975e-01
5.061679e-07 5.587559e-01
5.062517e-07 6.457803e-01
5.063355e-07 4.694283e-01
5.064193e-07 5.261129e-01
5.065032e-07 5.651964e-01
5.065870e-07 4.279990e-01
5.066708e-07 4.086634e-01
5.067547e-07 6.743714e-01
5.068385e-07 5.407425e-01
5.069224e-07 4.650494e-01
5.070063e-07 4.567322e-01
5.070902e-07 5.583721e-01
5.071740e-07 6.025738e-01
5.072579e-07 5.830534e-01
5.073418e-07 7.300039e-01
5.074257e-07 6.556045e-01
5.075096e-07 5.298521e-01
5.075936e-07 6.077631e-01
5.076775e-07 7.504768e-01
5.077614e-07 5.721629e-01
5.078454e-07 7.044837e-01
5.079293e-07 5.658646e-01
5.080133e-07 7.384063e-01
5.080972e-07 6.737316e-01
5.081812e-07 5.707838e-01
5.082652e-07 7.634288e-01
5.083491e-07 5.640874e-01
5.084331e-07 6.321032e-01
5.085171e-07 5.775655e-01
5.086011e-07 4.737931e-01
5.086851e-07 4.490975e-01
5.087692e-07 5.582299e-01
5.088532e-07 6.268001e-01
5.089372e-07 4.678502e-01
5.090212e-07 6.489508e-01
5.091053e-07 7.045406e-01
5.091893e-07 6.896266e-01
5.092734e-07 4.972659e-01
5.093575e-07 6.097535e-01
5.094415e-07 5.193170e-01
5.095256e-07 5.412828e-01
5.096097e-07 6.350889e-01
5.096938e-07 6.682011e-01
5.097779e-07 6.961666e-01
5.098620e-07 7.607986e-01
5.099461e-07 7.394584e-01
5.100302e-07 6.579219e-01
5.101143e-07 6.723525e-01
5.101985e-07 8.115403e-01
5.102826e-07 7.847691e-01
5.103667e-07 7.136113e-01
5.104509e-07 7.980481e-01
5.105351e-07 7.561780e-01
5.106192e-07 5.161465e-01
5.107034e-07 6.872523e-01
5.107876e-07 7.621351e-01
5.108718e-07 7.125023e-01
5.109560e-07 7.285395e-01
5.110402e-07 8.095783e-01
5.111244e-07 6.953135e-01
5.112086e-07 8.869207e-01
5.112928e-07 6.914322e-01
5.113770e-07 8.487756e-01
5.114613e-07 6.865414e-01
5.115455e-07 7.359325e-01
5.116297e-07 7.530786e-01
5.117140e-07 7.498371e-01
5.117983e-07 6.840250e-01
5.118825e-07 6.244401e-01
5.119668e-07 7.146491e-01
5.120511e-07 1.005223e+00
5.121354e-07 7.421881e-01
5.122196e-07 8.002375e-01
5.123039e-07 9.893709e-01
5.123883e-07 7.540880e-01
5.124726e-07 7.794234e-01
5.125569e-07 8.983230e-01
5.126412e-07 6.753950e-01
5.127255e-07 6.547799e-01
5.128099e-07 8.317432e-01
5.128942e-07 8.233407e-01
5.129786e-07 9.174027e-01
5.130629e-07 7.022232e-01
5.131473e-07 8.966880e-01
5.132317e-07 8.089954e-01
5.133161e-07 8.767837e-01
5.134004e-07 8.741109e-01
5.134848e-07 7.720303e-01
5.135692e-07 8.067349e-01
5.136536e-07 9.074221e-01
5.137381e-07 9.430650e-01
5.138225e-07 8.225588e-01
5.139069e-07 9.480695e-01
5.139913e-07 8.985078e-01
5.140758e-07 7.277291e-01
5.141602e-07 8.333355e-01
5.142447e-07 8.198148e-01
5.143291e-07 8.248336e-01
5.144136e-07 8.914560e-01
5.144981e-07 7.813427e-01
5.145825e-07 1.028156e+00
5.146670e-07 9.275539e-01
5.147515e-07 8.682533e-01
5.148360e-07 7.293214e-01
5.149205e-07 8.908447e-01
5.150050e-07 8.764852e-01
5.150895e-07 7.185162e-01
5.151741e-07 7.151609e-01
5.152586e-07 5.986071e-01
5.153431e-07 9.089860e-01
5.154277e-07 9.646327e-01
5.183059e-07 8.260278e-01
5.183907e-07 9.389278e-01
5.184754e-07 8.775657e-01
5.185602e-07 8.718645e-01
5.186450e-07 9.340796e-01
5.187298e-07 8.394916e-01
5.188146e-07 8.605760e-01
5.188994e-07 1.023279e+00
5.189842e-07 8.388234e-01
5.190690e-07 8.471974e-01
5.191538e-07 8.664335e-01
5.192387e-07 1.054102e+00
5.193235e-07 8.260278e-01
5.194083e-07 1.039601e+00
5.194932e-07 6.760490e-01
5.195780e-07 9.011949e-01
5.196629e-07 9.937783e-01
5.197477e-07 9.968350e-01
5.198326e-07 1.006076e+00
5.199175e-07 8.447094e-01
5.200024e-07 9.493491e-01
5.200873e-07 9.757649e-01
5.201722e-07 8.277623e-01
5.202571e-07 8.167297e-01
5.203420e-07 8.942711e-01
5.204269e-07 7.369846e-01
5.205118e-07 9.508277e-01
5.205968e-07 7.717318e-01
5.206817e-07 7.350226e-01
5.207666e-07 8.111707e-01
5.208516e-07 9.875653e-01
5.209365e-07 9.901102e-01
5.210215e-07 9.210423e-01
5.211064e-07 8.367193e-01
5.211914e-07 9.003561e-01
5.212764e-07 8.441123e-01
5.213614e-07 8.346577e-01
5.214464e-07 6.361267e-01
5.215314e-07 8.944133e-01
5.216164e-07 6.998204e-01
5.217014e-07 7.360604e-01
5.217864e-07 8.740824e-01
5.218714e-07 6.369940e-01
5.221265e-07 9.192936e-01
5.222115e-07 9.810822e-01
5.222966e-07 8.965459e-01
5.226368e-07 8.661634e-01
5.227219e-07 7.654051e-01
5.228070e-07 9.594576e-01
5.231474e-07 8.218479e-01
5.232325e-07 7.080523e-01
5.233176e-07 7.703953e-01
5.234028e-07 8.667747e-01
5.234879e-07 7.454012e-01
5.235730e-07 6.990385e-01
5.236582e-07 7.731251e-01
5.237433e-07 7.182461e-01
5.238285e-07 7.953326e-01
5.239137e-07 7.767647e-01
5.239988e-07 7.739355e-01
5.240840e-07 8.576330e-01
5.241692e-07 6.845084e-01
5.242544e-07 7.529364e-01
5.243396e-07 6.052466e-01
5.244248e-07 9.093415e-01
5.245100e-07 8.885415e-01
5.245952e-07 8.052847e-01
5.246804e-07 8.996595e-01
5.247656e-07 9.619172e-01
5.248509e-07 6.076067e-01
5.249361e-07 8.338331e-01
5.250213e-07 7.679926e-01
5.251066e-07 7.524530e-01
5.251918e-07 9.728503e-01
5.252771e-07 6.219805e-01
5.269835e-07 9.721679e-01
5.270689e-07 8.984510e-01
5.271543e-07 8.383258e-01
5.272396e-07 8.908163e-01
5.273251e-07 7.788262e-01
5.274105e-07 8.527138e-01
5.274959e-07 9.111186e-01
5.275813e-07 7.973372e-01
5.276667e-07 8.917830e-01
5.277521e-07 8.760729e-01
5.278376e-07 8.893803e-01
5.279230e-07 8.681822e-01
5.280084e-07 7.634004e-01
5.280939e-07 9.104078e-01
5.281794e-07 7.300465e-01
5.282648e-07 7.796650e-01
5.283503e-07 6.492778e-01
5.284357e-07 8.513489e-01
5.285212e-07 8.826413e-01
5.286067e-07 7.960576e-01
5.286922e-07 8.442687e-01
5.287777e-07 7.617938e-01
5.288632e-07 8.609030e-01
5.289487e-07 7.387475e-01
5.290342e-07 8.860392e-01
5.291197e-07 8.824280e-01
5.292053e-07 8.862098e-01
5.292908e-07 8.771392e-01
5.293763e-07 7.656894e-01
5.294619e-07 8.655520e-01
5.295474e-07 6.491498e-01
5.296330e-07 6.956548e-01
5.297185e-07 8.148245e-01
5.298041e-07 7.483442e-01
5.298897e-07 7.818403e-01
5.299752e-07 7.283831e-01
5.300608e-07 7.917498e-01
5.301464e-07 6.337382e-01
5.302320e-07 8.319991e-01
5.303176e-07 7.459699e-01
5.316022e-07 7.410792e-01
5.316879e-07 8.214072e-01
5.317736e-07 9.590453e-01
5.318593e-07 8.353544e-01
5.319450e-07 7.578556e-01
5.324593e-07 7.829066e-01
5.325451e-07 7.235776e-01
5.326308e-07 8.216489e-01
5.327166e-07 8.730872e-01
5.328023e-07 8.581732e-01
5.328881e-07 8.558132e-01
5.329739e-07 7.563059e-01
5.330596e-07 8.329090e-01
5.331454e-07 9.652441e-01
5.332312e-07 9.670355e-01
5.333170e-07 9.858166e-01
5.334028e-07 9.534721e-01
5.334886e-07 1.030487e+00
5.335744e-07 8.538369e-01
5.336602e-07 8.299376e-01
5.337460e-07 9.052895e-01
5.338318e-07 6.593721e-01
5.339177e-07 9.408471e-01
5.340035e-07 7.579125e-01
5.340893e-07 8.391220e-01
5.341752e-07 8.738692e-01
5.342610e-07 7.211749e-01
5.343469e-07 6.861576e-01
5.344328e-07 8.049008e-01
5.345186e-07 8.374017e-01
5.346045e-07 8.137867e-01
5.346904e-07 6.395673e-01
5.347762e-07 8.689215e-01
5.348621e-07 7.507470e-01
5.349480e-07 6.167911e-01
5.350339e-07 8.194594e-01
5.351198e-07 7.694570e-01
5.352057e-07 8.430460e-01
5.352916e-07 9.940626e-01
5.353776e-07 7.406100e-01
5.354635e-07 7.945364e-01
5.355494e-07 7.689736e-01
5.356354e-07 8.589552e-01
5.357213e-07 6.562869e-01
5.358072e-07 8.618555e-01
5.358932e-07 8.199712e-01
5.359791e-07 8.099906e-01
5.360651e-07 7.969960e-01
5.361511e-07 1.044534e+00
5.362370e-07 8.838355e-01
5.363230e-07 7.418896e-01
5.364090e-07 1.024118e+00
5.364950e-07 8.672581e-01
5.365810e-07 9.425532e-01
5.366670e-07 8.756321e-01
5.367530e-07 8.988491e-01
5.368390e-07 6.521212e-01
5.369250e-07 6.140187e-01
5.370110e-07 6.838828e-01
5.370971e-07 9.020622e-01
5.371831e-07 7.283689e-01
5.372691e-07 8.411693e-01
5.373551e-07 7.227814e-01
5.374412e-07 8.134028e-01
5.375272e-07 6.363542e-01
5.376133e-07 6.633956e-01
5.376994e-07 6.959960e-01
5.377854e-07 7.315535e-01
5.378715e-07 7.850961e-01
5.379576e-07 7.355628e-01
5.380437e-07 6.596422e-01
5.381297e-07 7.662297e-01
5.382158e-07 7.448041e-01
5.383019e-07 7.644525e-01
5.383880e-07 8.481927e-01
5.384741e-07 6.943468e-01
5.385602e-07 7.288949e-01
5.386464e-07 8.199286e-01
5.387325e-07 7.841009e-01
5.388186e-07 7.510882e-01
5.389047e-07 9.176444e-01
5.389909e-07 9.263881e-01
5.390770e-07 8.759876e-01
5.391632e-07 1.039274e+00
5.392493e-07 8.364918e-01
5.420088e-07 6.503441e-01
5.420952e-07 7.017966e-01
5.421815e-07 8.454771e-01
5.422678e-07 7.868875e-01
5.423542e-07 8.666468e-01
5.424405e-07 8.366908e-01
5.425268e-07 7.151325e-01
5.426132e-07 7.833331e-01
5.426995e-07 6.939629e-01
5.427859e-07 8.499130e-01
5.428722e-07 7.783713e-01
5.429586e-07 7.244022e-01
5.430450e-07 7.218858e-01
5.431314e-07 8.607039e-01
5.432177e-07 7.886504e-01
5.433041e-07 6.409606e-01
5.433905e-07 7.540880e-01
5.434769e-07 7.636990e-01
5.435633e-07 7.570595e-01
5.436497e-07 6.783665e-01
5.437361e-07 6.951003e-01
5.438225e-07 7.613531e-01
5.439090e-07 8.704428e-01
5.439954e-07 8.062941e-01
5.440818e-07 8.886694e-01
5.441682e-07 8.101755e-01
5.442547e-07 7.996689e-01
5.443411e-07 6.427236e-01
5.444276e-07 8.980813e-01
5.445140e-07 6.238714e-01
5.446005e-07 4.893611e-01
5.446869e-07 8.926361e-01
5.447734e-07 6.901669e-01
5.448599e-07 8.444677e-01
5.449464e-07 7.533061e-01
5.450328e-07 7.888495e-01
5.451193e-07 7.654193e-01
5.452058e-07 7.866031e-01
5.452923e-07 6.890579e-01
5.453788e-07 7.278855e-01
5.454653e-07 6.241984e-01
5.455518e-07 7.418043e-01
5.456383e-07 7.468656e-01
5.457249e-07 7.329895e-01
5.458114e-07 7.886788e-01
5.458979e-07 7.261936e-01
5.459845e-07 7.449889e-01
5.460710e-07 7.834611e-01
5.461575e-07 6.863850e-01
5.462441e-07 6.944605e-01
5.463306e-07 7.075547e-01
5.464172e-07 6.756652e-01
5.465038e-07 7.460552e-01
5.465903e-07 7.968965e-01
5.466769e-07 6.895129e-01
5.467635e-07 7.544435e-01
5.468500e-07 8.074457e-01
5.469366e-07 6.535572e-01
5.470232e-07 7.596044e-01
5.471098e-07 7.500219e-01
5.471964e-07 7.494390e-01
5.472830e-07 8.822859e-01
5.473696e-07 6.717412e-01
5.474562e-07 8.270230e-01
5.475429e-07 6.434629e-01
5.476295e-07 7.358045e-01
5.477161e-07 7.222696e-01
5.478027e-07 6.416004e-01
5.478894e-07 7.853093e-01
5.479760e-07 5.644713e-01
5.480626e-07 7.176774e-01
5.481493e-07 7.194972e-01
5.482359e-07 8.169429e-01
5.483226e-07 7.703385e-01
5.484093e-07 6.334823e-01
5.484959e-07 7.773903e-01
5.485826e-07 7.121611e-01
5.486693e-07 5.429320e-01
5.487560e-07 6.982565e-01
5.488426e-07 7.917498e-01
5.489293e-07 8.217342e-01
5.490160e-07 7.574860e-01
5.491027e-07 8.522446e-01
5.491894e-07 9.053322e-01
5.492761e-07 6.704474e-01
5.493629e-07 6.533439e-01
5.494496e-07 6.782669e-01
5.495363e-07 8.249899e-01
5.496230e-07 6.537420e-01
5.497098e-07 7.806460e-01
5.497965e-07 8.473965e-01
5.498832e-07 6.686276e-01
5.499700e-07 8.007067e-01
5.500567e-07 7.499081e-01
5.501435e-07 6.995503e-01
5.502302e-07 8.478230e-01
5.503170e-07 5.680256e-01
5.504038e-07 6.794896e-01
5.504905e-07 6.201464e-01
5.505773e-07 7.566472e-01
5.506641e-07 6.813948e-01
5.507509e-07 7.231653e-01
5.508377e-07 5.181370e-01
5.509244e-07 6.539695e-01
5.510112e-07 7.670685e-01
5.510980e-07 6.904512e-01
5.511849e-07 8.903471e-01
5.512717e-07 5.364916e-01
5.513585e-07 5.955789e-01
5.514453e-07 7.182461e-01
5.515321e-07 7.132843e-01
5.516189e-07 6.509554e-01
5.517058e-07 5.863944e-01
5.517926e-07 6.440742e-01
5.518795e-07 8.436431e-01
5.519663e-07 8.352264e-01
5.520532e-07 6.635520e-01
5.521400e-07 8.283310e-01
5.522269e-07 8.798689e-01
5.523137e-07 8.903471e-01
5.524006e-07 7.333023e-01
5.524875e-07 9.681728e-01
5.525743e-07 7.901290e-01
5.526612e-07 5.699876e-01
5.527481e-07 6.264731e-01
5.528350e-07 7.228099e-01
5.529219e-07 6.111184e-01
5.530088e-07 6.682153e-01
5.530957e-07 6.909346e-01
5.531826e-07 7.074125e-01
5.532695e-07 6.603531e-01
5.533564e-07 6.680589e-01
5.534433e-07 6.309516e-01
5.535303e-07 6.856315e-01
5.536172e-07 6.435624e-01
5.537041e-07 6.392545e-01
5.537910e-07 6.834136e-01
5.538780e-07 5.967162e-01
5.539649e-07 6.506995e-01
5.540519e-07 7.288807e-01
5.541388e-07 7.817123e-01
5.542258e-07 7.531213e-01
5.543127e-07 6.761486e-01
5.543997e-07 6.995930e-01
5.544867e-07 7.600878e-01
5.545736e-07 7.234497e-01
5.546606e-07 7.229378e-01
5.547476e-07 6.246391e-01
5.548346e-07 7.880106e-01
5.549216e-07 7.141231e-01
5.550086e-07 7.547420e-01
5.550956e-07 7.721867e-01
5.551826e-07 7.385200e-01
5.552696e-07 6.729070e-01
5.553566e-07 8.136303e-01
5.554436e-07 7.175637e-01
5.555306e-07 7.177343e-01
5.556177e-07 7.268903e-01
5.557047e-07 6.001000e-01
5.557917e-07 7.579836e-01
5.558788e-07 8.077585e-01
5.559658e-07 7.650212e-01
5.560528e-07 7.286674e-01
5.561399e-07 7.012564e-01
5.562269e-07 5.709118e-01
5.563140e-07 6.407047e-01
5.564011e-07 6.861007e-01
5.564881e-07 6.620165e-01
5.565752e-07 7.172367e-01
5.566623e-07 7.195257e-01
5.567493e-07 8.621399e-01
5.568364e-07 8.298381e-01
5.569235e-07 6.580925e-01
5.570106e-07 6.796602e-01
5.570977e-07 7.522114e-01
5.571848e-07 7.405247e-01
5.572719e-07 7.130710e-01
5.573590e-07 8.187912e-01
5.574461e-07 4.883801e-01
5.575332e-07 6.281650e-01
5.576203e-07 9.924276e-01
5.577074e-07 9.473160e-01
5.577946e-07 1.017777e+00
5.578817e-07 7.485291e-01
5.579688e-07 7.466666e-01
5.580560e-07 7.815844e-01
5.581431e-07 7.803901e-01
5.582303e-07 7.982187e-01
5.583174e-07 9.632536e-01
5.584046e-07 6.555903e-01
5.584917e-07 5.889962e-01
5.585789e-07 6.773570e-01
5.586661e-07 6.104644e-01
5.587532e-07 6.752102e-01
5.588404e-07 7.063462e-01
5.589276e-07 8.339184e-01
5.590147e-07 7.720446e-01
5.591019e-07 7.528511e-01
5.591891e-07 8.212792e-01
5.592763e-07 7.975647e-01
5.593635e-07 1.013071e+00
5.594507e-07 7.740065e-01
5.595379e-07 7.353496e-01
5.596251e-07 7.335440e-01
5.597123e-07 7.418896e-01
5.597995e-07 7.845416e-01
5.598868e-07 8.310181e-01
5.599740e-07 6.654002e-01
5.600612e-07 6.585475e-01
5.601485e-07 7.798499e-01
5.602357e-07 7.677793e-01
5.603229e-07 6.215539e-01
5.604102e-07 6.741013e-01
5.604974e-07 7.531213e-01
5.605847e-07 8.346720e-01
5.606719e-07 6.417710e-01
5.607592e-07 9.177581e-01
5.608465e-07 8.867074e-01
5.609337e-07 8.245350e-01
5.610210e-07 8.197011e-01
5.611083e-07 7.108673e-01
5.611955e-07 8.776652e-01
5.612828e-07 8.715944e-01
5.613701e-07 6.522208e-01
5.614574e-07 7.768927e-01
5.615447e-07 7.387333e-01
5.616320e-07 7.979486e-01
5.617193e-07 9.556758e-01
5.618066e-07 7.949629e-01
5.618939e-07 8.379988e-01
5.619812e-07 8.329801e-01
5.620685e-07 7.807171e-01
5.621559e-07 7.977353e-01
5.622432e-07 7.209048e-01
5.623305e-07 7.781296e-01
5.624178e-07 6.900105e-01
5.625052e-07 8.089243e-01
5.625925e-07 8.065785e-01
5.626798e-07 9.168482e-01
5.627672e-07 8.089812e-01
5.628545e-07 6.410459e-01
5.629419e-07 8.437711e-01
5.630293e-07 8.647559e-01
5.631166e-07 8.777079e-01
5.632040e-07 7.016829e-01
5.632914e-07 5.779351e-01
5.633787e-07 8.509650e-01
5.634661e-07 8.857122e-01
5.635535e-07 8.127915e-01
5.636409e-07 8.132038e-01
5.637283e-07 8.708835e-01
5.638156e-07 7.515431e-01
5.639030e-07 8.050146e-01
5.639904e-07 8.056686e-01
5.640778e-07 8.943706e-01
5.641652e-07 8.898495e-01
5.642526e-07 7.162415e-01
5.643401e-07 7.500930e-01
5.644275e-07 7.573296e-01
5.645149e-07 9.655711e-01
5.646023e-07 7.900295e-01
5.646897e-07 1.046937e+00
5.647772e-07 8.875036e-01
5.648646e-07 6.574101e-01
5.649521e-07 8.152653e-01
5.650395e-07 9.245398e-01
5.651269e-07 8.578605e-01
5.652144e-07 7.501214e-01
5.653018e-07 8.348568e-01
5.653893e-07 8.728455e-01
5.654767e-07 8.971288e-01
5.655642e-07 7.284826e-01
5.656517e-07 9.046213e-01
5.657391e-07 8.803665e-01
5.658266e-07 6.948159e-01
5.659141e-07 8.254449e-01
5.660016e-07 9.857597e-01
5.660891e-07 8.641019e-01
5.661766e-07 8.516190e-01
5.662640e-07 7.215161e-01
5.663515e-07 8.753904e-01
5.664390e-07 8.564956e-01
5.665265e-07 9.799732e-01
5.666140e-07 1.046510e+00
5.667016e-07 8.357809e-01
5.667891e-07 8.361363e-01
5.668766e-07 8.242791e-01
5.669641e-07 8.338331e-01
5.670516e-07 9.248242e-01
5.671391e-07 6.449983e-01
5.672267e-07 7.187579e-01
5.673142e-07 9.798595e-01
5.674018e-07 1.019739e+00
5.674893e-07 9.166065e-01
5.675768e-07 9.156255e-01
5.676644e-07 8.557136e-01
5.677519e-07 9.907216e-01
5.678395e-07 1.013284e+00
5.679270e-07 8.267529e-01
5.680146e-07 7.859776e-01
5.681022e-07 9.031711e-01
5.681897e-07 8.771676e-01
5.682773e-07 8.642298e-01
5.683649e-07 8.842336e-01
5.684525e-07 8.456051e-01
5.685400e-07 9.072231e-01
5.686276e-07 9.359848e-01
5.687152e-07 8.140995e-01
5.688028e-07 9.105926e-01
5.688904e-07 9.718267e-01
5.689780e-07 8.180945e-01
5.690656e-07 9.016925e-01
5.691532e-07 9.726797e-01
5.692408e-07 9.451550e-01
5.693284e-07 8.092656e-01
5.694160e-07 8.513916e-01
5.695037e-07 9.544105e-01
5.695913e-07 8.469131e-01
5.696789e-07 7.774329e-01
5.697665e-07 1.049126e+00
5.698542e-07 9.681444e-01
5.699418e-07 8.703717e-01
5.700294e-07 1.025199e+00
5.701171e-07 9.312077e-01
5.702047e-07 8.715518e-01
5.702924e-07 9.398661e-01
5.703800e-07 1.010441e+00
5.704677e-07 9.177724e-01
5.705553e-07 1.060969e+00
5.706430e-07 9.843237e-01
5.707307e-07 8.852573e-01
5.708183e-07 9.400367e-01
5.709060e-07 8.876884e-01
5.709937e-07 8.855701e-01
5.710814e-07 7.683623e-01
5.711690e-07 7.310844e-01
5.712567e-07 8.166870e-01
5.713444e-07 9.502448e-01
5.714321e-07 8.406290e-01
5.715198e-07 8.666610e-01
5.716075e-07 8.436858e-01
5.716952e-07 8.065643e-01
5.717829e-07 9.243692e-01
5.718706e-07 8.934749e-01
5.719583e-07 9.076354e-01
5.720460e-07 8.019721e-01
5.721338e-07 8.876316e-01
5.722215e-07 9.453398e-01
5.723092e-07 9.916883e-01
5.723969e-07 9.510552e-01
5.724847e-07 1.043084e+00
5.725724e-07 9.297434e-01
5.726601e-07 8.769970e-01
5.727479e-07 8.810916e-01
5.728356e-07 8.834943e-01
5.729234e-07 9.016357e-01
5.730111e-07 8.002518e-01
5.730989e-07 9.113461e-01
5.731866e-07 9.052042e-01
5.732744e-07 1.031952e+00
5.733621e-07 8.681680e-01
5.734499e-07 1.007185e+00
5.735377e-07 8.417664e-01
5.736254e-07 7.589077e-01
5.737132e-07 9.645048e-01
5.738010e-07 8.830536e-01
5.738887e-07 9.207580e-01
5.739765e-07 8.407712e-01
5.740643e-07 8.592538e-01
5.741521e-07 1.060955e+00
5.742399e-07 8.787173e-01
5.743277e-07 8.947118e-01
5.744155e-07 9.361696e-01
5.745033e-07 9.736181e-01
5.745911e-07 8.965601e-01
5.746789e-07 9.845228e-01
5.747667e-07 9.379041e-01
5.748545e-07 9.571117e-01
5.749423e-07 1.023535e+00
5.750302e-07 7.682201e-01
5.751180e-07 8.003371e-01
5.752058e-07 1.028355e+00
5.752936e-07 9.519651e-01
5.753815e-07 1.023848e+00
5.754693e-07 8.494011e-01
5.755572e-07 9.632963e-01
5.756450e-07 8.407001e-01
5.757328e-07 8.604764e-01
5.758207e-07 9.062136e-01
5.759085e-07 7.595617e-01
5.759964e-07 1.021388e+00
5.760842e-07 8.767837e-01
5.761721e-07 9.814092e-01
5.762600e-07 9.584766e-01
5.763478e-07 1.030260e+00
5.764357e-07 8.582017e-01
5.765236e-07 1.028341e+00
5.766114e-07 1.054515e+00
5.766993e-07 9.068676e-01
5.767872e-07 9.254639e-01
5.768751e-07 9.456810e-01
5.769630e-07 9.853047e-01
5.770509e-07 8.564814e-01
5.771387e-07 9.819210e-01
5.772266e-07 9.816651e-01
5.773145e-07 9.530314e-01
5.774024e-07 1.012602e+00
5.774903e-07 9.041521e-01
5.775782e-07 1.076623e+00
5.776662e-07 8.255729e-01
5.777541e-07 9.668506e-01
5.778420e-07 8.954227e-01
5.779299e-07 8.137298e-01
5.780178e-07 8.422782e-01
5.781057e-07 8.207247e-01
5.781937e-07 8.875747e-01
5.782816e-07 8.622252e-01
5.783695e-07 1.013427e+00
5.784574e-07 1.002636e+00
5.785454e-07 8.596945e-01
5.786333e-07 9.847645e-01
5.787213e-07 1.002081e+00
5.788092e-07 1.050705e+00
5.788972e-07 9.971904e-01
5.789851e-07 1.049524e+00
5.790731e-07 9.741157e-01
5.791610e-07 1.080931e+00
5.792490e-07 8.153222e-01
5.793369e-07 1.057728e+00
5.794249e-07 1.087257e+00
5.795129e-07 9.997069e-01
5.796009e-07 7.352501e-01
5.796888e-07 8.906314e-01
5.797768e-07 9.611921e-01
5.798648e-07 9.962094e-01
5.799528e-07 9.079197e-01
5.800408e-07 9.571117e-01
5.801287e-07 9.706040e-01
5.802167e-07 1.045686e+00
5.803047e-07 8.953800e-01
5.803927e-07 9.564009e-01
5.804807e-07 9.375345e-01
5.805687e-07 1.026720e+00
5.806567e-07 9.420840e-01
5.807447e-07 7.938540e-01
5.808327e-07 9.528181e-01
5.809208e-07 1.007029e+00
5.810088e-07 8.093793e-01
5.810968e-07 9.770302e-01
5.811848e-07 9.412878e-01
5.812728e-07 9.274259e-01
5.813609e-07 8.357951e-01
5.814489e-07 1.096314e+00
5.815369e-07 1.085096e+00
5.816249e-07 9.171610e-01
5.817130e-07 1.082423e+00
5.818010e-07 9.246678e-01
5.818891e-07 9.289330e-01
5.819771e-07 1.030402e+00
5.820652e-07 8.196584e-01
5.821532e-07 9.856033e-01
5.822413e-07 8.705992e-01
5.823293e-07 8.898495e-01
5.824174e-07 9.961099e-01
5.825054e-07 1.007981e+00
5.825935e-07 9.800585e-01
5.826816e-07 9.620594e-01
5.827696e-07 9.500315e-01
5.828577e-07 9.488657e-01
5.829458e-07 1.018744e+00
5.830338e-07 1.004598e+00
5.831219e-07 8.957781e-01
5.832100e-07 9.865274e-01
5.832981e-07 8.798405e-01
5.833862e-07 9.798168e-01
5.834743e-07 1.101020e+00
5.835623e-07 9.513679e-01
5.836504e-07 9.272838e-01
5.837385e-07 9.156540e-01
5.838266e-07 9.394822e-01
5.839147e-07 1.021005e+00
5.840028e-07 1.044634e+00
5.840909e-07 9.020906e-01
5.841790e-07 9.687131e-01
5.842672e-07 1.098290e+00
5.843553e-07 9.389278e-01
5.844434e-07 1.027928e+00
5.903526e-07 1.026663e+00
5.904409e-07 9.805419e-01
5.905292e-07 1.043496e+00
5.906174e-07 8.947829e-01
5.907057e-07 1.038933e+00
5.907940e-07 9.425958e-01
5.908823e-07 9.763336e-01
5.909706e-07 9.463066e-01
5.910589e-07 7.700399e-01
5.911472e-07 8.431739e-01
5.912355e-07 9.298429e-01
5.913237e-07 9.117158e-01
5.914120e-07 9.294021e-01
5.915003e-07 8.225446e-01
5.915886e-07 1.031867e+00
5.916770e-07 1.013469e+00
5.917653e-07 8.519603e-01
5.918536e-07 9.315916e-01
5.919419e-07 1.059804e+00
5.920302e-07 8.715518e-01
5.921185e-07 9.477141e-01
5.922068e-07 1.006275e+00
5.930018e-07 1.004456e+00
5.930901e-07 9.467900e-01
5.931784e-07 9.972189e-01
5.932668e-07 9.426954e-01
5.933551e-07 9.186538e-01
5.934435e-07 1.078684e+00
5.935318e-07 8.423635e-01
5.936202e-07 1.058752e+00
5.937085e-07 1.067182e+00
5.937969e-07 1.040269e+00
5.938852e-07 8.201561e-01
5.939736e-07 9.574387e-01
5.940619e-07 7.663007e-01
5.941503e-07 8.056828e-01
5.942387e-07 9.466904e-01
5.943270e-07 9.067255e-01
5.944154e-07 9.938636e-01
5.945038e-07 9.288477e-01
5.945922e-07 8.838782e-01
5.946805e-07 9.748123e-01
5.947689e-07 9.086732e-01
5.948573e-07 9.053890e-01
5.949457e-07 8.240374e-01
5.950340e-07 8.630356e-01
5.951224e-07 1.003858e+00
5.952108e-07 8.819162e-01
5.952992e-07 1.015559e+00
5.953876e-07 9.305822e-01
5.954760e-07 9.293453e-01
5.955644e-07 9.792197e-01
5.956527e-07 9.192367e-01
5.957411e-07 8.350700e-01
5.958295e-07 8.289139e-01
5.959179e-07 9.262032e-01
5.960063e-07 9.399514e-01
5.960947e-07 9.243976e-01
5.962716e-07 8.513773e-01
5.963600e-07 9.121423e-01
5.964484e-07 9.824328e-01
5.965368e-07 7.705802e-01
5.966252e-07 8.578462e-01
5.967136e-07 8.911859e-01
5.968020e-07 1.032464e+00
5.968905e-07 1.025000e+00
5.969789e-07 8.332502e-01
5.970673e-07 9.301272e-01
5.971557e-07 6.743856e-01
5.972442e-07 8.235540e-01
5.973326e-07 9.209286e-01
5.974210e-07 9.308950e-01
5.975094e-07 9.877217e-01
5.975979e-07 8.194878e-01
5.976863e-07 9.786084e-01
5.977748e-07 9.718551e-01
5.978632e-07 8.945981e-01
5.979516e-07 9.982283e-01
5.980401e-07 7.764093e-01
5.981285e-07 8.256439e-01
5.982170e-07 8.053131e-01
5.983054e-07 9.901386e-01
5.983939e-07 8.663766e-01
5.984823e-07 9.463066e-01
5.985708e-07 9.464630e-01
5.986592e-07 9.262743e-01
5.987477e-07 6.928966e-01
5.988361e-07 7.863472e-01
5.989246e-07 7.624905e-01
5.990131e-07 9.245825e-01
5.991015e-07 8.931621e-01
5.991900e-07 7.109810e-01
5.992784e-07 9.298997e-01
5.993669e-07 8.201418e-01
5.994554e-07 7.333023e-01
5.995439e-07 7.459273e-01
5.996323e-07 7.863188e-01
5.997208e-07 7.220706e-01
5.998093e-07 9.838546e-01
5.998978e-07 8.625522e-01
5.999862e-07 8.848450e-01
6.000747e-07 7.299896e-01
6.001632e-07 9.183410e-01
6.002517e-07 7.650923e-01
6.003402e-07 6.221369e-01
6.004287e-07 8.281320e-01
6.005172e-07 8.059103e-01
6.006056e-07 8.301651e-01
6.006941e-07 8.658222e-01
6.007826e-07 7.840298e-01
6.008711e-07 8.613295e-01
6.009596e-07 7.795371e-01
6.010481e-07 7.807598e-01
6.011366e-07 6.635093e-01
6.012251e-07 8.695898e-01
6.013136e-07 9.270278e-01
6.014021e-07 8.734569e-01
6.014906e-07 8.576045e-01
6.015791e-07 8.056259e-01
6.016676e-07 7.298759e-01
6.017562e-07 7.771628e-01
6.018447e-07 8.329517e-01
6.019332e-07 7.336719e-01
6.020217e-07 7.564339e-01
6.021102e-07 7.120331e-01
6.021987e-07 7.590499e-01
6.022873e-07 6.640212e-01
6.023758e-07 7.238193e-01
6.024643e-07 7.548273e-01
6.025528e-07 7.063604e-01
6.026414e-07 9.090002e-01
6.027299e-07 6.888020e-01
6.028184e-07 7.299043e-01
6.029069e-07 7.138814e-01
6.029955e-07 7.673670e-01
6.030840e-07 7.265348e-01
6.031725e-07 6.817928e-01
6.032611e-07 7.413493e-01
6.033496e-07 8.236393e-01
6.034382e-07 6.663386e-01
6.035267e-07 6.926833e-01
6.036152e-07 8.100333e-01
6.037038e-07 7.808309e-01
6.037923e-07 6.220089e-01
6.038809e-07 7.023085e-01
6.039694e-07 7.236345e-01
6.040580e-07 7.374253e-01
6.041465e-07 7.909252e-01
6.042351e-07 5.758594e-01
6.043236e-07 5.844325e-01
6.044122e-07 6.585190e-01
6.045007e-07 7.567040e-01
6.045893e-07 6.782527e-01
6.046779e-07 7.471358e-01
6.047664e-07 7.572301e-01
6.048550e-07 6.831861e-01
6.049435e-07 7.144359e-01
6.050321e-07 6.380318e-01
6.051207e-07 6.076494e-01
6.052092e-07 6.937781e-01
6.052978e-07 6.774992e-01
6.053864e-07 6.809824e-01
6.054750e-07 7.516569e-01
6.055635e-07 6.750538e-01
6.056521e-07 7.348804e-01
6.057407e-07 6.554765e-01
6.058292e-07 7.636279e-01
6.059178e-07 7.286674e-01
6.060064e-07 6.225207e-01
6.060950e-07 6.355722e-01
6.061836e-07 5.871764e-01
6.062722e-07 7.301034e-01
6.063607e-07 5.093080e-01
6.064493e-07 5.507516e-01
6.065379e-07 5.906028e-01
6.066265e-07 5.814895e-01
6.067151e-07 4.937684e-01
6.068037e-07 5.632202e-01
6.068923e-07 6.141467e-01
6.069809e-07 6.869680e-01
6.070695e-07 5.712956e-01
6.071580e-07 5.311601e-01
6.072466e-07 7.710209e-01
6.073352e-07 7.131847e-01
6.074238e-07 6.790915e-01
6.075124e-07 5.856409e-01
6.076010e-07 6.215824e-01
6.076896e-07 5.989341e-01
6.077782e-07 6.854893e-01
6.078668e-07 7.164263e-01
6.079555e-07 5.928207e-01
6.080441e-07 5.588697e-01
6.081327e-07 5.642723e-01
6.082213e-07 7.146776e-01
6.083099e-07 5.704141e-01
6.083985e-07 6.284067e-01
6.084871e-07 6.348614e-01
6.085757e-07 5.488607e-01
6.086643e-07 5.458181e-01
6.087530e-07 5.684522e-01
6.088416e-07 7.031757e-01
6.089302e-07 6.565855e-01
6.090188e-07 6.267433e-01
6.091074e-07 6.339657e-01
6.091961e-07 7.412498e-01
6.092847e-07 6.794470e-01
6.093733e-07 7.732815e-01
6.094619e-07 7.314114e-01
6.095506e-07 8.401314e-01
6.096392e-07 6.275394e-01
6.097278e-07 7.147486e-01
6.098164e-07 7.895319e-01
6.099051e-07 7.485575e-01
6.099937e-07 6.882902e-01
6.100823e-07 6.089716e-01
6.101710e-07 8.481784e-01
6.102596e-07 5.822998e-01
6.103482e-07 7.090333e-01
6.104369e-07 6.938207e-01
6.105255e-07 7.846127e-01
6.106142e-07 6.787503e-01
6.107028e-07 7.027919e-01
6.107914e-07 7.510455e-01
6.108801e-07 7.448752e-01
6.109687e-07 6.083460e-01
6.110574e-07 7.968823e-01
6.111460e-07 8.924086e-01
6.112347e-07 5.916264e-01
6.113233e-07 7.186158e-01
6.114120e-07 7.350937e-01
6.115006e-07 6.820914e-01
6.115893e-07 7.843283e-01
6.116779e-07 8.197295e-01
6.117666e-07 6.945742e-01
6.118552e-07 7.011853e-01
6.119439e-07 6.885461e-01
6.120325e-07 6.712720e-01
6.121212e-07 8.531403e-01
6.122098e-07 6.568272e-01
6.122985e-07 6.730776e-01
6.123872e-07 7.796508e-01
6.124758e-07 7.727128e-01
6.125645e-07 8.655520e-01
6.126531e-07 5.611160e-01
6.127418e-07 6.620592e-01
6.128305e-07 8.209096e-01
6.129191e-07 8.997305e-01
6.130078e-07 7.472495e-01
6.130965e-07 7.738075e-01
6.131851e-07 7.743051e-01
6.132738e-07 7.033606e-01
6.133625e-07 8.024697e-01
6.134511e-07 7.011284e-01
6.135398e-07 7.541733e-01
6.136285e-07 7.660590e-01
6.137171e-07 6.617322e-01
6.138058e-07 8.329090e-01
6.138945e-07 7.874277e-01
6.139832e-07 8.122370e-01
6.140718e-07 8.426337e-01
6.141605e-07 7.240041e-01
6.142492e-07 7.527090e-01
6.143379e-07 7.731677e-01
6.144266e-07 6.287195e-01
6.145152e-07 7.155022e-01
6.146039e-07 7.766083e-01
6.146926e-07 7.334302e-01
6.147813e-07 9.576947e-01
6.148700e-07 7.896598e-01
6.149586e-07 6.898541e-01
6.150473e-07 7.824516e-01
6.151360e-07 8.310465e-01
6.152247e-07 8.934180e-01
6.153134e-07 9.352881e-01
6.154021e-07 8.961193e-01
6.154908e-07 9.298429e-01
6.155794e-07 9.171041e-01
6.156681e-07 8.233692e-01
6.157568e-07 8.165875e-01
6.158455e-07 7.879253e-01
6.159342e-07 7.296058e-01
6.160229e-07 7.132843e-01
6.161116e-07 8.697319e-01
6.162003e-07 7.203076e-01
6.162890e-07 6.688408e-01
6.163777e-07 9.499604e-01
6.164664e-07 8.385106e-01
6.165551e-07 7.502067e-01
6.166438e-07 8.338616e-01
6.167325e-07 7.268476e-01
6.168212e-07 7.033463e-01
6.169099e-07 8.097916e-01
6.169986e-07 6.557182e-01
6.170873e-07 7.182461e-01
6.171760e-07 7.359041e-01
6.172647e-07 6.434060e-01
6.173534e-07 5.834941e-01
6.174421e-07 6.954557e-01
6.175308e-07 7.552396e-01
6.176195e-07 5.988346e-01
6.177082e-07 7.607418e-01
6.177969e-07 7.798783e-01
6.178856e-07 8.474818e-01
6.179743e-07 7.774898e-01
6.180630e-07 6.891716e-01
6.181517e-07 8.524721e-01
6.182404e-07 7.447472e-01
6.183292e-07 8.521309e-01
6.184179e-07 8.127630e-01
6.185066e-07 6.922852e-01
6.185953e-07 6.922568e-01
6.186840e-07 7.858069e-01
6.187727e-07 8.658222e-01
6.188614e-07 7.380367e-01
6.189502e-07 6.818355e-01
6.190389e-07 6.349609e-01
6.191276e-07 7.781296e-01
6.192163e-07 7.779163e-01
6.193050e-07 7.314114e-01
6.193937e-07 7.453017e-01
6.194824e-07 8.350132e-01
6.195712e-07 6.985124e-01
6.196599e-07 6.730065e-01
6.197486e-07 7.440932e-01
6.198373e-07 7.402688e-01
6.199260e-07 7.347098e-01
6.200148e-07 7.088058e-01
6.201035e-07 7.542587e-01
6.201922e-07 7.184167e-01
6.202809e-07 6.751676e-01
6.203697e-07 7.072845e-01
6.204584e-07 6.833710e-01
6.205471e-07 7.437805e-01
6.206358e-07 7.708929e-01
6.207245e-07 9.314637e-01
6.208133e-07 8.293120e-01
6.209020e-07 7.205778e-01
6.209907e-07 9.470743e-01
6.210795e-07 8.660639e-01
6.211682e-07 7.557373e-01
6.212569e-07 8.647843e-01
6.213456e-07 7.883518e-01
6.214344e-07 6.191086e-01
6.215231e-07 8.532540e-01
6.216118e-07 7.373969e-01
6.217005e-07 6.862713e-01
6.217893e-07 7.768500e-01
6.218780e-07 7.243311e-01
6.219667e-07 8.843189e-01
6.220555e-07 7.388328e-01
6.221442e-07 9.197628e-01
6.222329e-07 7.544435e-01
6.223217e-07 7.834895e-01
6.224104e-07 8.483490e-01
6.224991e-07 8.489746e-01
6.225879e-07 9.010385e-01
6.226766e-07 7.921763e-01
6.227653e-07 8.278476e-01
6.228541e-07 8.514200e-01
6.229428e-07 7.414915e-01
6.230315e-07 8.617134e-01
6.231203e-07 8.062799e-01
6.232090e-07 9.778975e-01
6.232977e-07 9.657701e-01
6.233865e-07 7.966974e-01
6.234752e-07 7.067443e-01
6.235640e-07 8.625237e-01
6.236527e-07 7.133696e-01
6.237414e-07 6.907782e-01
6.238302e-07 8.834232e-01
6.239189e-07 8.871198e-01
6.240076e-07 7.356197e-01
6.240964e-07 8.067917e-01
6.241851e-07 8.654099e-01
6.242739e-07 8.599646e-01
6.243626e-07 8.491594e-01
6.244513e-07 8.209096e-01
6.245401e-07 9.020480e-01
6.246288e-07 9.410319e-01
6.247176e-07 8.826271e-01
6.248063e-07 8.321697e-01
6.248950e-07 9.007115e-01
6.249838e-07 8.592111e-01
6.250725e-07 7.515574e-01
6.251613e-07 8.019721e-01
6.252500e-07 7.932710e-01
6.253387e-07 8.906030e-01
6.254275e-07 8.550028e-01
6.255162e-07 7.469225e-01
6.256050e-07 8.433019e-01
6.256937e-07 7.819540e-01
6.257824e-07 9.156113e-01
6.258712e-07 7.939677e-01
6.259599e-07 8.192035e-01
6.260487e-07 7.528796e-01
6.261374e-07 7.803190e-01
6.262262e-07 8.576330e-01
6.263149e-07 7.294494e-01
6.264037e-07 6.918161e-01
6.264924e-07 8.338758e-01
6.265811e-07 8.394348e-01
6.266699e-07 8.398471e-01
6.267586e-07 8.513063e-01
6.268474e-07 7.596044e-01
6.269361e-07 8.096636e-01
6.270249e-07 8.051568e-01
6.271136e-07 7.879111e-01
6.272024e-07 8.449369e-01
6.272911e-07 8.481216e-01
6.273798e-07 7.258950e-01
6.274686e-07 7.906977e-01
6.289773e-07 8.899632e-01
6.290660e-07 8.780917e-01
6.291548e-07 8.524294e-01
6.292435e-07 9.323167e-01
6.293323e-07 9.808121e-01
6.294210e-07 8.620688e-01
6.295098e-07 8.516048e-01
6.295985e-07 7.734379e-01
6.296873e-07 8.977117e-01
6.301310e-07 1.018943e+00
6.302197e-07 7.901290e-01
6.303085e-07 7.922616e-01
6.303972e-07 7.012422e-01
6.304860e-07 7.863188e-01
6.305747e-07 8.929489e-01
6.306635e-07 8.636611e-01
6.307522e-07 9.007826e-01
6.308409e-07 9.547232e-01
6.309297e-07 8.937877e-01
6.310184e-07 8.550596e-01
6.311072e-07 9.104220e-01
6.311959e-07 8.380273e-01
6.312847e-07 7.303593e-01
6.313734e-07 9.178861e-01
6.314622e-07 8.627512e-01
6.315509e-07 8.163316e-01
6.316396e-07 1.009716e+00
6.317284e-07 9.740446e-01
6.318171e-07 9.150568e-01
6.319059e-07 8.590121e-01
6.319946e-07 9.741868e-01
6.320834e-07 9.688979e-01
6.321721e-07 9.052184e-01
6.322609e-07 9.281084e-01
6.323496e-07 8.035644e-01
6.324383e-07 9.998775e-01
6.325271e-07 7.375533e-01
6.326158e-07 9.812386e-01
6.327046e-07 8.429180e-01
6.327933e-07 1.079495e+00
6.328820e-07 9.728788e-01
6.329708e-07 9.357573e-01
6.330595e-07 9.025740e-01
6.331483e-07 9.803002e-01
6.332370e-07 1.052638e+00
6.333257e-07 9.985411e-01
6.334145e-07 9.659549e-01
6.345681e-07 9.833712e-01
6.346568e-07 7.733099e-01
6.347456e-07 9.332550e-01
6.348343e-07 1.059477e+00
6.349230e-07 9.589884e-01
6.350118e-07 8.008205e-01
6.351005e-07 8.126777e-01
6.351892e-07 8.798689e-01
6.352780e-07 1.084499e+00
6.353667e-07 8.432308e-01
6.354554e-07 1.009033e+00
6.355442e-07 9.054886e-01
6.356329e-07 1.010995e+00
6.357216e-07 1.083490e+00
6.358104e-07 1.110872e+00
6.358991e-07 1.037113e+00
6.359878e-07 1.062903e+00
6.360766e-07 1.008891e+00
6.361653e-07 1.070353e+00
6.362540e-07 1.136037e+00
6.363427e-07 9.850631e-01
6.364315e-07 1.037639e+00
6.365202e-07 9.564151e-01
6.366089e-07 9.964938e-01
6.366977e-07 8.897357e-01
6.367864e-07 1.076011e+00
6.368751e-07 9.569127e-01
6.369638e-07 9.826319e-01
6.370526e-07 1.069073e+00
6.371413e-07 9.469463e-01
6.372300e-07 9.199192e-01
6.373187e-07 1.088679e+00
6.374075e-07 1.008621e+00
6.374962e-07 8.960482e-01
6.375849e-07 1.051088e+00
6.376736e-07 9.777980e-01
6.377623e-07 8.454771e-01
6.378511e-07 8.657226e-01
6.379398e-07 9.579221e-01
6.380285e-07 9.721253e-01
6.381172e-07 9.242839e-01
6.382060e-07 9.556758e-01
6.382947e-07 9.278382e-01
6.383834e-07 8.608177e-01
6.384721e-07 9.034981e-01
6.385608e-07 8.996026e-01
6.386495e-07 1.000489e+00
6.387383e-07 1.013341e+00
6.388270e-07 9.662677e-01
6.389157e-07 9.628840e-01
6.390044e-07 1.008138e+00
6.390931e-07 9.824186e-01
6.391818e-07 9.299708e-01
6.392706e-07 9.128958e-01
6.393593e-07 9.387998e-01
6.394480e-07 1.065761e+00
6.395367e-07 9.447569e-01
6.396254e-07 9.291462e-01
6.397141e-07 9.728930e-01
6.398028e-07 9.730210e-01
6.398915e-07 9.731631e-01
6.399802e-07 1.001840e+00
6.400689e-07 1.001982e+00
6.401577e-07 1.002110e+00
6.402464e-07 1.002238e+00
6.403351e-07 1.028184e+00
6.404238e-07 1.026023e+00
6.405125e-07 1.040852e+00
6.406012e-07 7.946217e-01
6.406899e-07 9.807268e-01
6.407786e-07 1.023407e+00
6.408673e-07 7.997257e-01
6.409560e-07 9.304542e-01
6.410447e-07 9.881056e-01
6.411334e-07 1.016782e+00
6.412221e-07 8.733574e-01
6.413108e-07 9.477710e-01
6.413995e-07 8.557989e-01
6.414882e-07 8.694618e-01
6.415769e-07 9.808689e-01
6.416656e-07 7.833047e-01
6.417543e-07 8.829541e-01
6.418430e-07 9.337100e-01
6.419316e-07 8.871624e-01
6.420203e-07 9.275539e-01
6.421090e-07 9.687131e-01
6.421977e-07 8.044601e-01
6.422864e-07 1.053975e+00
6.423751e-07 8.814470e-01
6.424638e-07 9.700922e-01
6.425525e-07 8.947545e-01
6.426412e-07 8.281320e-01
6.427299e-07 9.824613e-01
6.428185e-07 9.127252e-01
6.429072e-07 8.789874e-01
6.429959e-07 9.581496e-01
6.430846e-07 8.790443e-01
6.431733e-07 7.404110e-01
6.432620e-07 8.448089e-01
6.433507e-07 9.260326e-01
6.434393e-07 9.121849e-01
6.435280e-07 9.989960e-01
6.436167e-07 8.623247e-01
6.437054e-07 9.006689e-01
6.437940e-07 8.475244e-01
6.438827e-07 8.838355e-01
6.439714e-07 8.872904e-01
6.440601e-07 9.491500e-01
6.441488e-07 9.046497e-01
6.442374e-07 1.063500e+00
6.443261e-07 8.935033e-01
6.444148e-07 8.717224e-01
6.445034e-07 9.933518e-01
6.445921e-07 8.517896e-01
6.446808e-07 9.145024e-01
6.447694e-07 1.087698e+00
6.448581e-07 9.308381e-01
6.449468e-07 9.732911e-01
6.450354e-07 1.001441e+00
6.451241e-07 1.069941e+00
6.452128e-07 1.009815e+00
6.453014e-07 9.566994e-01
6.453901e-07 8.904750e-01
6.454788e-07 1.072016e+00
6.455674e-07 9.418139e-01
6.456561e-07 8.937308e-01
6.457447e-07 8.777790e-01
6.458334e-07 9.836555e-01
6.459220e-07 8.613579e-01
6.460107e-07 8.619550e-01
6.460994e-07 9.397097e-01
6.461880e-07 9.167771e-01
6.462767e-07 9.864706e-01
6.463653e-07 8.496855e-01
6.464540e-07 9.417144e-01
6.465426e-07 9.794330e-01
6.466313e-07 8.670306e-01
6.467199e-07 9.337526e-01
6.468085e-07 8.552018e-01
6.468972e-07 7.834042e-01
6.469858e-07 8.758738e-01
6.470745e-07 8.767980e-01
6.471631e-07 8.842052e-01
6.472518e-07 8.886126e-01
6.473404e-07 8.628507e-01
6.484926e-07 8.839777e-01
6.485813e-07 9.710163e-01
6.486699e-07 1.066770e+00
6.487585e-07 9.090571e-01
6.488471e-07 9.040242e-01
6.489358e-07 8.689784e-01
6.490244e-07 7.414773e-01
6.491130e-07 9.250374e-01
6.492016e-07 8.993751e-01
6.492902e-07 8.230137e-01
6.493788e-07 9.822338e-01
6.494675e-07 8.295822e-01
6.495561e-07 8.599931e-01
6.496447e-07 9.277671e-01
6.497333e-07 7.418896e-01
6.498219e-07 9.040384e-01
6.499105e-07 8.427332e-01
6.499991e-07 7.820820e-01
6.500877e-07 7.872855e-01
6.501763e-07 8.652108e-01
6.502649e-07 8.653814e-01
6.503535e-07 6.881196e-01
6.504421e-07 8.428043e-01
6.505307e-07 9.463350e-01
6.506193e-07 8.460458e-01
6.507079e-07 8.900627e-01
6.507965e-07 9.182557e-01
6.508851e-07 7.842999e-01
6.509737e-07 7.771486e-01
6.510623e-07 7.872855e-01
6.511509e-07 7.513725e-01
6.512395e-07 8.205541e-01
6.513281e-07 6.810678e-01
6.516824e-07 8.365202e-01
6.517710e-07 7.851672e-01
6.518596e-07 7.999248e-01
6.519482e-07 7.967116e-01
6.520368e-07 7.142368e-01
6.607104e-07 7.307005e-01
6.607989e-07 8.595097e-01
6.608873e-07 8.024270e-01
6.609757e-07 9.301130e-01
6.610641e-07 8.946692e-01
6.611525e-07 7.939961e-01
6.612410e-07 7.080381e-01
6.613294e-07 9.255919e-01
6.614178e-07 8.691490e-01
6.615062e-07 8.692912e-01
6.615946e-07 8.694192e-01
6.616830e-07 8.695613e-01
6.617714e-07 8.697035e-01
6.618599e-07 8.510930e-01
6.619483e-07 8.512352e-01
6.620367e-07 8.513773e-01
6.621251e-07 8.515195e-01
6.622135e-07 8.477093e-01
6.623018e-07 8.586140e-01
6.623902e-07 7.984319e-01
6.624786e-07 8.607750e-01
6.625670e-07 8.484628e-01
6.626554e-07 7.753003e-01
6.627438e-07 7.468514e-01
6.628322e-07 8.957781e-01
6.629206e-07 8.838498e-01
6.630089e-07 7.823521e-01
6.630973e-07 7.124170e-01
6.631857e-07 7.591352e-01
6.632741e-07 7.609550e-01
6.633625e-07 8.007494e-01
6.634508e-07 8.127062e-01
6.635392e-07 7.899300e-01
6.636276e-07 9.381174e-01
6.637159e-07 7.274163e-01
6.638043e-07 8.084125e-01
6.638926e-07 8.825418e-01
6.639810e-07 7.364159e-01
6.640694e-07 8.738550e-01
6.641577e-07 7.899726e-01
6.642461e-07 9.288050e-01
6.643344e-07 8.920247e-01
6.644228e-07 8.718930e-01
6.645111e-07 7.637274e-01
6.645995e-07 9.476999e-01
6.646878e-07 8.624811e-01
6.647761e-07 8.208100e-01
6.648645e-07 8.623105e-01
6.649528e-07 7.223407e-01
6.650412e-07 8.859255e-01
6.699846e-07 7.542160e-01
6.700728e-07 8.179097e-01
6.701610e-07 8.342028e-01
6.702492e-07 8.083841e-01
6.703374e-07 9.221939e-01
6.704256e-07 7.809873e-01
6.705138e-07 7.866315e-01
6.706020e-07 6.360841e-01
6.706902e-07 8.490457e-01
6.707784e-07 7.294494e-01
6.708666e-07 9.487093e-01
6.709548e-07 7.602584e-01
6.710430e-07 7.996262e-01
6.711312e-07 8.262979e-01
6.712194e-07 8.480789e-01
6.713075e-07 9.308665e-01
6.713957e-07 8.385533e-01
6.714839e-07 8.974558e-01
6.715721e-07 7.804754e-01
6.716602e-07 8.063937e-01
6.717484e-07 8.430744e-01
6.718365e-07 7.873993e-01
6.719247e-07 8.946407e-01
6.720129e-07 7.854799e-01
6.721010e-07 8.979392e-01
6.721892e-07 8.641161e-01
6.722773e-07 7.490551e-01
6.723655e-07 8.480789e-01
6.724536e-07 7.895461e-01
6.725418e-07 8.593391e-01
6.726299e-07 9.765895e-01
6.727181e-07 7.484580e-01
6.728062e-07 7.925886e-01
6.728944e-07 7.495669e-01
6.729825e-07 7.532492e-01
6.730706e-07 9.026024e-01
6.731587e-07 8.821152e-01
6.732469e-07 6.900389e-01
6.733350e-07 8.417806e-01
6.734231e-07 7.047112e-01
6.735112e-07 8.354539e-01
6.735993e-07 8.502257e-01
6.736875e-07 7.603010e-01
6.737756e-07 6.763334e-01
6.738637e-07 8.160899e-01
6.739518e-07 7.462116e-01
6.740399e-07 7.971666e-01
6.741280e-07 9.634100e-01
6.742161e-07 9.685567e-01
6.743042e-07 8.415389e-01
6.743923e-07 8.414394e-01
6.744804e-07 7.618791e-01
6.745685e-07 7.660022e-01
6.746565e-07 8.393068e-01
6.747446e-07 8.448800e-01
6.748327e-07 7.772197e-01
6.749208e-07 8.898779e-01
6.750089e-07 6.274826e-01
6.750969e-07 8.720778e-01
6.751850e-07 8.054980e-01
6.752731e-07 7.828355e-01
6.753611e-07 8.116541e-01
6.754492e-07 8.464581e-01
6.755373e-07 7.755562e-01
6.756253e-07 6.846790e-01
6.757134e-07 7.340700e-01
6.758014e-07 8.787173e-01
6.758895e-07 7.066590e-01
6.759775e-07 7.964415e-01
6.760656e-07 8.276202e-01
6.761536e-07 7.200659e-01
6.762417e-07 7.658884e-01
6.763297e-07 7.345392e-01
6.764177e-07 7.887784e-01
6.765058e-07 7.005882e-01
6.765938e-07 8.284874e-01
6.766818e-07 7.929441e-01
6.767698e-07 8.321271e-01
6.768578e-07 7.182603e-01
6.769459e-07 7.791674e-01
6.770339e-07 7.771770e-01
6.771219e-07 8.930910e-01
6.772099e-07 7.515431e-01
6.772979e-07 7.204498e-01
6.773859e-07 7.696845e-01
6.774739e-07 8.191608e-01
6.775619e-07 6.969912e-01
6.776499e-07 9.228337e-01
6.777379e-07 8.081282e-01
6.778259e-07 6.565855e-01
6.779139e-07 6.839681e-01
6.780019e-07 5.459461e-01
6.780898e-07 7.061329e-01
6.781778e-07 7.493821e-01
6.782658e-07 7.355344e-01
6.783538e-07 7.786841e-01
6.784417e-07 7.035027e-01
6.785297e-07 6.802716e-01
6.786177e-07 7.367002e-01
6.787056e-07 7.005597e-01
6.787936e-07 7.508749e-01
6.788816e-07 8.724901e-01
6.789695e-07 7.692864e-01
6.790575e-07 6.892569e-01
6.791454e-07 7.676230e-01
6.792334e-07 7.113507e-01
6.793213e-07 7.731962e-01
6.794092e-07 6.708597e-01
6.794972e-07 7.430412e-01
6.795851e-07 6.434913e-01
6.796730e-07 6.269992e-01
6.797610e-07 7.987874e-01
6.798489e-07 6.593010e-01
6.799368e-07 6.559741e-01
6.800247e-07 7.689167e-01
6.801127e-07 6.968490e-01
6.802006e-07 7.479604e-01
6.802885e-07 7.323497e-01
6.803764e-07 5.138718e-01
6.804643e-07 6.628980e-01
6.805522e-07 7.392025e-01
6.806401e-07 6.159239e-01
6.807280e-07 7.390603e-01
6.808159e-07 5.850296e-01
6.809038e-07 7.151183e-01
6.809917e-07 6.979011e-01
6.810796e-07 7.877974e-01
6.811674e-07 7.446619e-01
6.812553e-07 6.244258e-01
6.813432e-07 6.004412e-01
6.814311e-07 6.153552e-01
6.815190e-07 8.464724e-01
6.816068e-07 6.215255e-01
6.816947e-07 6.529174e-01
6.817825e-07 7.012137e-01
6.818704e-07 6.922852e-01
6.819583e-07 6.558177e-01
6.820461e-07 6.643908e-01
6.821340e-07 5.070048e-01
6.822218e-07 7.436525e-01
6.823096e-07 6.810820e-01
6.823975e-07 7.161562e-01
6.824853e-07 6.688408e-01
6.825732e-07 6.538984e-01
6.826610e-07 6.116871e-01
6.827488e-07 5.831529e-01
6.828367e-07 6.417710e-01
6.829245e-07 7.173646e-01
6.830123e-07 6.386574e-01
6.831001e-07 5.822430e-01
6.831879e-07 7.583390e-01
6.832757e-07 5.425624e-01
6.833635e-07 7.063888e-01
6.834514e-07 7.580120e-01
6.835392e-07 6.589171e-01
6.836270e-07 5.885128e-01
6.837147e-07 6.935648e-01
6.838025e-07 6.015217e-01
6.838903e-07 5.674569e-01
6.839781e-07 6.926975e-01
6.840659e-07 6.431785e-01
6.841537e-07 6.636089e-01
6.842415e-07 5.805369e-01
6.843292e-07 6.245538e-01
6.844170e-07 6.884039e-01
6.845048e-07 7.136823e-01
6.845925e-07 7.081660e-01
6.846803e-07 6.146301e-01
6.847681e-07 5.444959e-01
6.848558e-07 5.899061e-01
6.849436e-07 6.535856e-01
6.850313e-07 6.880911e-01
6.851190e-07 6.012942e-01
6.852068e-07 5.935316e-01
6.852945e-07 6.430221e-01
6.853823e-07 5.601066e-01
6.854700e-07 5.808923e-01
6.855577e-07 5.959627e-01
6.856455e-07 6.085735e-01
6.857332e-07 4.839727e-01
6.858209e-07 5.762575e-01
6.859086e-07 6.436619e-01
6.859963e-07 5.643718e-01
6.860841e-07 4.591208e-01
6.861718e-07 8.343307e-01
6.862595e-07 6.482257e-01
6.863472e-07 5.376858e-01
6.908155e-07 5.068200e-01
6.909030e-07 3.179425e-01
6.909906e-07 3.400221e-01
6.910781e-07 5.705279e-01
6.911656e-07 4.681772e-01
6.912531e-07 3.806126e-01
6.913406e-07 2.870624e-01
6.914281e-07 4.393871e-01
6.915156e-07 4.517420e-01
6.916031e-07 4.063175e-01
6.916906e-07 4.029622e-01
6.917781e-07 4.399558e-01
6.918656e-07 3.844370e-01
6.919531e-07 3.595425e-01
6.920406e-07 4.254399e-01
6.921281e-07 3.848067e-01
6.922155e-07 5.243642e-01
6.923030e-07 3.411452e-01
6.923905e-07 4.548840e-01
6.924779e-07 3.744280e-01
6.925654e-07 4.108813e-01
6.926528e-07 5.111278e-01
6.927403e-07 4.009007e-01
6.928278e-07 3.682008e-01
6.929152e-07 3.628409e-01
6.930026e-07 3.695657e-01
6.930901e-07 3.799159e-01
6.931775e-07 5.041187e-01
6.932649e-07 3.584193e-01
6.933524e-07 3.243972e-01
6.934398e-07 3.741010e-01
6.935272e-07 3.211556e-01
6.936146e-07 3.474577e-01
6.937020e-07 3.524338e-01
6.937895e-07 3.868398e-01
6.944012e-07 3.170895e-01
6.944886e-07 3.333968e-01
6.945760e-07 3.979862e-01
6.946633e-07 2.960762e-01
6.947507e-07 3.867829e-01
6.948381e-07 4.066730e-01
6.949254e-07 3.551067e-01
6.950128e-07 4.460124e-01
6.951001e-07 4.526661e-01
6.951875e-07 2.866501e-01
6.952748e-07 3.978440e-01
6.953622e-07 3.904794e-01
6.954495e-07 3.581634e-01
6.955369e-07 3.900387e-01
6.956242e-07 4.824088e-01
6.957115e-07 3.635091e-01
6.957988e-07 4.387473e-01
6.958862e-07 3.113172e-01
6.959735e-07 3.745986e-01
6.960608e-07 4.217149e-01
6.961481e-07 2.581017e-01
6.962354e-07 3.008533e-01
6.963227e-07 3.490216e-01
6.964100e-07 4.639973e-01
6.964973e-07 4.578839e-01
6.965846e-07 4.274445e-01
6.966719e-07 4.809728e-01
6.967592e-07 4.706937e-01
6.968464e-07 4.327334e-01
6.969337e-07 4.320652e-01
6.970210e-07 4.601728e-01
6.971082e-07 3.188240e-01
6.971955e-07 3.981710e-01
6.972828e-07 4.175492e-01
6.973700e-07 3.988676e-01
6.974573e-07 4.507041e-01
6.975445e-07 3.607794e-01
6.976318e-07 4.102131e-01
6.977190e-07 4.311126e-01
6.978063e-07 4.823946e-01
6.978935e-07 4.569171e-01
6.979807e-07 4.612960e-01
6.980679e-07 3.536138e-01
6.981551e-07 3.837262e-01
6.982424e-07 4.269753e-01
6.983296e-07 3.781245e-01
6.984168e-07 3.174449e-01
6.985040e-07 4.417614e-01
6.985912e-07 2.381974e-01
6.986784e-07 3.877212e-01
6.987656e-07 3.635802e-01
6.988528e-07 3.833992e-01
6.989400e-07 3.293306e-01
6.990271e-07 3.652436e-01
6.991143e-07 4.047821e-01
6.992015e-07 3.980573e-01
6.992887e-07 4.091752e-01
6.993758e-07 3.971758e-01
6.994630e-07 4.419036e-01
6.995501e-07 3.410173e-01
6.996373e-07 3.517940e-01
6.997244e-07 3.660540e-01
6.998116e-07 4.177767e-01
6.998987e-07 3.715277e-01
6.999859e-07 3.500879e-01
