7.171287e-07 1.235464e-01
7.194842e-07 2.091114e-01
7.218398e-07 2.026950e-01
7.241953e-07 3.070987e-01
7.265509e-07 3.008792e-01
7.289064e-07 3.007210e-01
7.312620e-07 2.809853e-01
7.336175e-07 4.424504e-01
7.359731e-07 3.892848e-01
7.383286e-07 4.105229e-01
7.406841e-07 2.728718e-01
7.430397e-07 6.081510e-01
7.453952e-07 5.970714e-01
7.477508e-07 4.894644e-01
7.501063e-07 4.997754e-01
7.524619e-07 5.165051e-01
7.548174e-07 5.570864e-01
7.571730e-07 6.176031e-01
7.595285e-07 6.154546e-01
7.618841e-07 6.037252e-01
7.642396e-07 7.900726e-01
7.665951e-07 7.174797e-01
7.689507e-07 7.698887e-01
7.713062e-07 8.066110e-01
7.736618e-07 8.443518e-01
7.760173e-07 9.173885e-01
7.783729e-07 8.075036e-01
7.807284e-07 8.776313e-01
7.830840e-07 9.003275e-01
7.854395e-07 7.643717e-01
7.877950e-07 8.153466e-01
7.901506e-07 7.119749e-01
7.925061e-07 6.749128e-01
7.948617e-07 8.357120e-01
7.972172e-07 8.230938e-01
7.995728e-07 7.756793e-01
8.019283e-07 6.589550e-01
8.042839e-07 6.015991e-01
8.066394e-07 7.052619e-01
8.089950e-07 6.450363e-01
8.113505e-07 5.700040e-01
8.137060e-07 6.332223e-01
8.160616e-07 5.296551e-01
8.184171e-07 6.933810e-01
8.207727e-07 5.604148e-01
8.231282e-07 6.383053e-01
8.254838e-07 5.646881e-01
8.278393e-07 5.948415e-01
8.301949e-07 5.886520e-01
8.325504e-07 5.015174e-01
8.349059e-07 6.419712e-01
8.372615e-07 5.865886e-01
8.396170e-07 6.021585e-01
8.419726e-07 5.698529e-01
8.443281e-07 4.870961e-01
8.466837e-07 5.285197e-01
8.490392e-07 3.384720e-01
8.513948e-07 3.258654e-01
8.537503e-07 2.567878e-01
8.561059e-07 2.738819e-01
8.584614e-07 2.621581e-01
8.608169e-07 2.186129e-01
8.631725e-07 3.100111e-01
8.655280e-07 1.955348e-01
8.678836e-07 1.602915e-01
8.702391e-07 1.966784e-01
8.725947e-07 1.045635e-01
8.749502e-07 2.250575e-01
8.773058e-07 6.776765e-02
8.796613e-07 2.384743e-01
8.820168e-07 1.837854e-01
8.843724e-07 5.729948e-02
8.867279e-07 6.851369e-03
8.890835e-07 1.570298e-01
8.914390e-07 1.234996e-01
8.937946e-07 1.167036e-01
8.961501e-07 1.473858e-01
8.985057e-07 1.295833e-02
9.008612e-07 7.384183e-02
9.032168e-07 2.932179e-02
9.055723e-07 1.827679e-01
9.079278e-07 1.388062e-01
9.102834e-07 8.432544e-02
9.126389e-07 3.485679e-02
9.149945e-07 8.890512e-02
9.173500e-07 1.037716e-01
9.197056e-07 1.966825e-01
9.220611e-07 1.902991e-01
9.244167e-07 2.522565e-01
9.267722e-07 1.812832e-01
9.291277e-07 1.340916e-01
9.314833e-07 2.809482e-01
9.338388e-07 3.185828e-01
9.361944e-07 3.068078e-01
9.385499e-07 3.830040e-01
9.409055e-07 3.851347e-01
9.432610e-07 4.484871e-01
9.456166e-07 4.607403e-01
9.479721e-07 4.020921e-01
9.503277e-07 4.403627e-01
9.526832e-07 4.468465e-01
9.550387e-07 5.896189e-01
9.573943e-07 5.469842e-01
9.597498e-07 6.076034e-01
9.621054e-07 7.103712e-01
9.644609e-07 6.055495e-01
9.668165e-07 6.646007e-01
9.691720e-07 7.604674e-01
9.715276e-07 6.819498e-01
9.738831e-07 6.784192e-01
9.762386e-07 7.492908e-01
9.785942e-07 7.538771e-01
9.809497e-07 9.378647e-01
9.833053e-07 9.438416e-01
9.856608e-07 9.251319e-01
9.880164e-07 9.847367e-01
9.903719e-07 9.831725e-01
9.927275e-07 8.717456e-01
9.950830e-07 1.024937e+00
9.974386e-07 9.662869e-01
9.997941e-07 1.044480e+00
1.002150e-06 1.078961e+00
1.004505e-06 9.633830e-01
1.006861e-06 9.218325e-01
1.009216e-06 9.454489e-01
1.011572e-06 9.853232e-01
1.013927e-06 1.063544e+00
1.016283e-06 1.072127e+00
1.018638e-06 8.820689e-01
1.020994e-06 9.480709e-01
1.023350e-06 9.182761e-01
1.025705e-06 8.680880e-01
1.028061e-06 8.365119e-01
1.030416e-06 8.689344e-01
1.032772e-06 9.788658e-01
1.035127e-06 8.436830e-01
1.037483e-06 8.660010e-01
1.039838e-06 8.860471e-01
1.042194e-06 8.013697e-01
1.044549e-06 9.062006e-01
1.046905e-06 8.875341e-01
1.049261e-06 7.292186e-01
1.051616e-06 7.649939e-01
1.053972e-06 7.124020e-01
1.056327e-06 6.958765e-01
1.058683e-06 6.329678e-01
1.061038e-06 7.341853e-01
1.063394e-06 6.994903e-01
1.065749e-06 5.959323e-01
1.068105e-06 6.279224e-01
1.070460e-06 7.394077e-01
1.072816e-06 5.912283e-01
1.075172e-06 5.578564e-01
1.077527e-06 6.123294e-01
1.079883e-06 6.971304e-01
1.082238e-06 5.339728e-01
1.084594e-06 6.055502e-01
1.086949e-06 6.093793e-01
1.089305e-06 4.912828e-01
1.091660e-06 5.760984e-01
1.094016e-06 4.907117e-01
1.096371e-06 5.303161e-01
1.098727e-06 5.172607e-01
1.101083e-06 4.846571e-01
1.103438e-06 3.838206e-01
1.105794e-06 5.210837e-01
1.108149e-06 4.064398e-01
1.110505e-06 3.678480e-01
1.112860e-06 3.269599e-01
1.115216e-06 4.252440e-01
1.117571e-06 4.274652e-01
1.119927e-06 2.799929e-01
1.122282e-06 3.638169e-01
1.124638e-06 2.914205e-01
1.126994e-06 3.565545e-01
1.129349e-06 2.393595e-01
1.131705e-06 3.196400e-01
1.134060e-06 2.436483e-01
1.136416e-06 3.456218e-01
1.138771e-06 1.777546e-01
1.141127e-06 2.104383e-01
1.143482e-06 1.568943e-01
1.145838e-06 3.111129e-01
1.148193e-06 2.935787e-01
1.150549e-06 1.600880e-01
1.152905e-06 2.308854e-01
1.155260e-06 2.527219e-01
1.157616e-06 1.907064e-01
1.159971e-06 1.759853e-01
1.162327e-06 1.088145e-01
1.164682e-06 7.598212e-02
1.167038e-06 2.341894e-01
1.169393e-06 2.322146e-01
1.171749e-06 1.761360e-01
1.174104e-06 1.147064e-01
1.176460e-06 1.141271e-01
1.178816e-06 1.868610e-01
1.181171e-06 2.185730e-01
1.183527e-06 2.146492e-01
1.185882e-06 1.912879e-01
1.188238e-06 1.618001e-01
1.190593e-06 4.830269e-02
1.192949e-06 6.188137e-02
1.195304e-06 2.073474e-01
1.197660e-06 1.470033e-01
1.200015e-06 2.594582e-02
1.202371e-06 4.320539e-02
1.204727e-06 1.544161e-01
1.207082e-06 2.153274e-02
1.209438e-06 5.148670e-02
1.211793e-06 1.278765e-01
1.214149e-06 1.553135e-01
1.216504e-06 1.440208e-01
1.218860e-06 5.267194e-02
1.221215e-06 1.444435e-01
1.223571e-06 4.364963e-02
1.225926e-06 5.875644e-02
1.228282e-06 1.404515e-01
1.230638e-06 1.185564e-01
1.232993e-06 1.559512e-01
1.235349e-06 1.151058e-01
1.237704e-06 9.472161e-02
1.240060e-06 -2.728477e-03
1.242415e-06 4.955641e-02
1.244771e-06 2.707757e-02
1.247126e-06 2.089077e-02
1.249482e-06 1.647507e-01
1.251837e-06 4.682388e-02
1.254193e-06 1.446694e-01
1.256549e-06 9.054356e-02
1.258904e-06 1.213338e-01
1.261260e-06 6.095475e-02
1.263615e-06 7.407560e-02
1.265971e-06 5.762770e-02
1.268326e-06 -1.397903e-03
1.270682e-06 1.044733e-01
1.273037e-06 1.656665e-02
1.275393e-06 -3.429530e-02
1.277748e-06 9.036531e-02
1.280104e-06 -2.877678e-03
1.282459e-06 1.490792e-01
1.284815e-06 1.490836e-01
1.287171e-06 1.385811e-01
1.289526e-06 2.636720e-02
1.291882e-06 -5.303086e-02
1.294237e-06 1.210839e-01
1.296593e-06 1.259935e-02
1.298948e-06 1.134064e-01
1.301304e-06 1.217951e-01
1.303659e-06 1.008058e-01
1.306015e-06 -9.773520e-03
1.308370e-06 9.489043e-03
1.310726e-06 1.038296e-01
1.313082e-06 -1.880510e-03
1.315437e-06 -3.023357e-02
1.317793e-06 4.836093e-02
1.320148e-06 1.253644e-01
1.322504e-06 7.956051e-02
1.324859e-06 5.725690e-02
1.327215e-06 -3.442993e-02
1.329570e-06 7.202632e-02
1.331926e-06 1.499258e-01
1.334281e-06 -1.717810e-02
1.336637e-06 6.136113e-02
1.338993e-06 1.360599e-01
1.341348e-06 1.117409e-01
1.343704e-06 1.062685e-01
1.346059e-06 1.106404e-01
1.348415e-06 4.531999e-02
1.350770e-06 3.541833e-02
1.353126e-06 1.418504e-01
1.355481e-06 1.452790e-01
1.357837e-06 1.599490e-01
1.360192e-06 1.724609e-01
1.362548e-06 9.937900e-02
1.364904e-06 1.048944e-01
1.367259e-06 1.717308e-01
1.369615e-06 1.495452e-01
1.371970e-06 1.674265e-01
1.374326e-06 1.936723e-01
1.376681e-06 2.199954e-01
1.379037e-06 1.170740e-01
1.381392e-06 1.314269e-01
1.383748e-06 8.155487e-02
1.386103e-06 1.848627e-01
1.388459e-06 8.284333e-02
1.390815e-06 1.752227e-01
1.393170e-06 1.970802e-01
1.395526e-06 1.523077e-01
1.397881e-06 2.196143e-01
1.400237e-06 1.139959e-01
1.402592e-06 1.229375e-01
1.404948e-06 2.875707e-01
1.407303e-06 2.026714e-01
1.409659e-06 1.636281e-01
1.412014e-06 2.502473e-01
1.414370e-06 3.073801e-01
1.416726e-06 2.041283e-01
1.419081e-06 2.933482e-01
1.421437e-06 1.946014e-01
1.423792e-06 1.966300e-01
1.426148e-06 3.013264e-01
1.428503e-06 3.119443e-01
1.430859e-06 3.400650e-01
1.433214e-06 3.665591e-01
1.435570e-06 4.252730e-01
1.437925e-06 3.404664e-01
1.440281e-06 3.062838e-01
1.442637e-06 4.052160e-01
1.444992e-06 3.048313e-01
1.447348e-06 3.429454e-01
1.449703e-06 2.745119e-01
1.452059e-06 2.589097e-01
1.454414e-06 4.413881e-01
1.456770e-06 4.110733e-01
1.459125e-06 3.780911e-01
1.461481e-06 3.157057e-01
1.463836e-06 2.635929e-01
1.466192e-06 2.552404e-01
1.468548e-06 2.690204e-01
1.470903e-06 3.247903e-01
1.473259e-06 3.547830e-01
1.475614e-06 3.408221e-01
1.477970e-06 2.616882e-01
1.480325e-06 3.935932e-01
1.482681e-06 3.471184e-01
1.485036e-06 3.078532e-01
1.487392e-06 3.189954e-01
1.489747e-06 2.802401e-01
1.492103e-06 2.455352e-01
1.494459e-06 2.661169e-01
1.496814e-06 3.448563e-01
1.499170e-06 1.945305e-01
1.501525e-06 2.132311e-01
1.503881e-06 1.975819e-01
1.506236e-06 1.949799e-01
1.508592e-06 3.571578e-01
1.510947e-06 3.260288e-01
1.513303e-06 2.793567e-01
1.515658e-06 2.025549e-01
1.518014e-06 2.797773e-01
1.520370e-06 2.746146e-01
1.522725e-06 2.130267e-01
1.525081e-06 2.636228e-01
1.527436e-06 2.550195e-01
1.529792e-06 2.969547e-01
1.532147e-06 2.992590e-01
1.534503e-06 1.797503e-01
1.536858e-06 2.440612e-01
1.539214e-06 2.927599e-01
1.541569e-06 2.666645e-01
1.543925e-06 3.357844e-01
1.546281e-06 2.946744e-01
1.548636e-06 1.939718e-01
1.550992e-06 1.740610e-01
1.553347e-06 2.870488e-01
1.555703e-06 1.624848e-01
1.558058e-06 2.729553e-01
1.560414e-06 3.424639e-01
1.562769e-06 2.681304e-01
1.565125e-06 2.292872e-01
1.567480e-06 2.789285e-01
1.569836e-06 2.280916e-01
1.572192e-06 2.268633e-01
1.574547e-06 2.873317e-01
1.576903e-06 1.575582e-01
1.579258e-06 2.899903e-01
1.581614e-06 2.649123e-01
1.583969e-06 9.357581e-02
1.586325e-06 4.842817e-02
1.588680e-06 5.769716e-02
1.591036e-06 3.034146e-02
1.593391e-06 3.474123e-02
1.595747e-06 1.416095e-01
1.598103e-06 8.401446e-03
1.600458e-06 4.711438e-02
1.602814e-06 1.414499e-01
1.605169e-06 -9.000426e-03
1.607525e-06 1.709149e-01
1.609880e-06 7.066351e-02
1.612236e-06 3.029701e-02
1.614591e-06 1.383830e-01
1.616947e-06 1.171956e-01
1.619302e-06 1.592729e-01
1.621658e-06 1.231642e-01
1.624014e-06 1.292177e-01
1.626369e-06 1.729988e-02
1.628725e-06 -1.108699e-02
1.631080e-06 1.012038e-01
1.633436e-06 1.101036e-01
1.635791e-06 1.444935e-01
1.638147e-06 2.657179e-02
1.640502e-06 1.610766e-02
1.642858e-06 9.464242e-02
1.645213e-06 5.176324e-03
1.647569e-06 1.208229e-01
1.649925e-06 1.143073e-01
1.652280e-06 3.898502e-02
1.654636e-06 1.139219e-01
1.656991e-06 1.252177e-01
1.659347e-06 5.495331e-03
1.661702e-06 1.759426e-01
1.664058e-06 4.851247e-02
1.666413e-06 1.345877e-01
1.668769e-06 5.514043e-02
1.671124e-06 1.920694e-01
1.673480e-06 1.126394e-01
1.675836e-06 5.425925e-02
1.678191e-06 2.307722e-01
1.680547e-06 6.555731e-02
1.682902e-06 1.087668e-01
1.685258e-06 2.325206e-01
1.687613e-06 2.302338e-01
1.689969e-06 1.524041e-01
1.692324e-06 1.616881e-01
1.694680e-06 1.226139e-01
1.697035e-06 8.828277e-02
1.699391e-06 8.940953e-02
1.701747e-06 1.522163e-01
1.704102e-06 1.622235e-01
1.706458e-06 1.641004e-01
1.708813e-06 1.577443e-01
1.711169e-06 1.209786e-02
1.713524e-06 8.677671e-02
1.715880e-06 -5.594115e-03
1.718235e-06 9.098010e-02
1.720591e-06 6.756062e-02
1.722946e-06 1.549755e-01
1.725302e-06 4.579791e-02
1.727658e-06 -2.791500e-03
1.730013e-06 5.736255e-04
1.732369e-06 1.224576e-01
1.734724e-06 9.197929e-02
1.737080e-06 -1.286349e-02
1.739435e-06 -1.700740e-02
1.741791e-06 1.050012e-01
1.744146e-06 -2.237075e-02
1.746502e-06 1.257180e-01
1.748857e-06 1.008637e-01
1.751213e-06 -2.584567e-02
1.753568e-06 -2.642822e-02
1.755924e-06 1.554606e-01
1.758280e-06 3.451531e-02
1.760635e-06 3.531803e-02
1.762991e-06 1.252780e-01
1.765346e-06 1.533433e-01
1.767702e-06 1.608039e-01
1.770057e-06 1.139894e-01
1.772413e-06 3.827577e-02
1.774768e-06 -2.056590e-02
1.777124e-06 1.178734e-01
1.779479e-06 7.383500e-02
1.781835e-06 4.714757e-02
1.784191e-06 1.465764e-01
1.786546e-06 -9.452630e-03
1.788902e-06 6.983525e-02
1.791257e-06 -2.341669e-02
1.793613e-06 7.104707e-02
1.795968e-06 -1.542015e-02
1.798324e-06 -1.148845e-02
1.800679e-06 -2.524282e-02
1.803035e-06 6.234139e-02
1.805390e-06 7.334129e-02
1.807746e-06 3.446853e-02
1.810102e-06 1.038918e-01
1.812457e-06 -1.990617e-02
1.814813e-06 -2.878248e-02
1.817168e-06 9.984777e-02
1.819524e-06 -2.288359e-02
1.821879e-06 1.277370e-01
1.824235e-06 -6.792621e-02
1.826590e-06 1.181690e-01
1.828946e-06 -7.262435e-02
1.831301e-06 9.152268e-02
1.833657e-06 1.338467e-02
1.836013e-06 1.009878e-01
1.838368e-06 -8.829547e-02
1.840724e-06 3.301103e-03
1.843079e-06 8.230981e-02
1.845435e-06 -1.101207e-02
1.847790e-06 6.177309e-03
1.850146e-06 1.540639e-02
1.852501e-06 -3.022045e-02
1.854857e-06 7.552151e-03
1.857212e-06 2.072591e-03
1.859568e-06 6.861052e-02
1.861924e-06 -9.936261e-02
1.864279e-06 -4.909005e-02
1.866635e-06 8.567632e-02
1.868990e-06 7.375587e-02
1.871346e-06 -8.353552e-03
1.873701e-06 3.120277e-02
1.876057e-06 -3.068637e-02
1.878412e-06 -4.443993e-02
1.880768e-06 9.060369e-03
1.883123e-06 -1.462401e-02
1.885479e-06 2.982162e-02
1.887835e-06 -7.297782e-02
1.890190e-06 1.064809e-01
1.892546e-06 1.107870e-01
1.894901e-06 5.512012e-02
1.897257e-06 2.465000e-02
1.899612e-06 -1.872081e-02
1.901968e-06 8.407562e-02
1.904323e-06 6.020579e-02
1.906679e-06 -4.227411e-02
1.909034e-06 1.092155e-01
1.911390e-06 9.308450e-02
1.913746e-06 1.200840e-01
1.916101e-06 7.681495e-02
1.918457e-06 5.590109e-02
1.920812e-06 1.841366e-02
1.923168e-06 1.228577e-01
1.925523e-06 1.110718e-01
1.927879e-06 -5.166126e-02
1.930234e-06 -6.017780e-02
1.932590e-06 1.074035e-02
1.934945e-06 9.845721e-02
1.937301e-06 1.347006e-01
1.939657e-06 -3.177234e-02
1.942012e-06 5.786930e-02
1.944368e-06 1.612020e-02
1.946723e-06 1.348238e-01
1.949079e-06 1.101635e-01
1.951434e-06 1.092560e-01
1.953790e-06 3.213439e-02
1.956145e-06 1.816514e-02
1.958501e-06 -1.331187e-02
1.960856e-06 -5.991270e-02
1.963212e-06 9.856215e-02
1.965568e-06 8.500336e-02
1.967923e-06 1.191722e-01
1.970279e-06 1.153615e-01
1.972634e-06 2.664247e-02
1.974990e-06 6.909683e-02
1.977345e-06 1.039957e-01
1.979701e-06 8.471525e-02
1.982056e-06 -3.600140e-02
1.984412e-06 4.381023e-03
1.986767e-06 -6.015271e-02
1.989123e-06 1.042414e-01
1.991479e-06 3.347557e-02
1.993834e-06 -4.322135e-02
1.996190e-06 4.419968e-02
1.998545e-06 3.079088e-02
2.000901e-06 -2.686424e-02
2.003256e-06 -8.144727e-02
2.005612e-06 2.930852e-02
2.007967e-06 2.410014e-03
2.010323e-06 5.616674e-02
2.012678e-06 9.090359e-03
2.015034e-06 7.854057e-02
2.017390e-06 2.089558e-02
2.019745e-06 2.511176e-02
2.022101e-06 9.066484e-02
2.024456e-06 -1.559360e-03
2.026812e-06 -5.304294e-02
2.029167e-06 -7.167950e-02
2.031523e-06 7.600137e-02
2.033878e-06 4.932917e-02
2.036234e-06 5.844714e-02
2.038589e-06 -4.163835e-02
2.040945e-06 -5.881925e-02
2.043301e-06 -8.504697e-02
2.045656e-06 -1.970075e-02
2.048012e-06 2.630291e-02
2.050367e-06 -1.509418e-02
2.052723e-06 -7.910367e-03
2.055078e-06 8.972556e-02
2.057434e-06 -1.658587e-02
2.059789e-06 2.126229e-02
2.062145e-06 7.989635e-02
2.064500e-06 7.175660e-03
2.066856e-06 5.698580e-02
2.069212e-06 1.097426e-01
2.071567e-06 1.318753e-01
2.073923e-06 -2.391277e-02
2.076278e-06 1.352926e-01
2.078634e-06 5.051378e-02
2.080989e-06 5.854816e-03
2.083345e-06 4.814851e-02
2.085700e-06 1.544433e-01
2.088056e-06 5.907581e-02
2.090411e-06 2.841793e-02
2.092767e-06 9.146320e-02
2.095123e-06 1.492757e-02
2.097478e-06 -1.654900e-02
2.099834e-06 -4.641787e-03
2.102189e-06 -3.504630e-03
2.104545e-06 2.570676e-03
2.106900e-06 1.259506e-03
2.109256e-06 1.029730e-01
2.111611e-06 1.247796e-02
2.113967e-06 4.653933e-02
2.116322e-06 1.527874e-01
2.118678e-06 6.422309e-02
2.121034e-06 9.894337e-02
2.123389e-06 -4.103150e-03
2.125745e-06 -3.643158e-03
2.128100e-06 -3.580955e-02
2.130456e-06 -1.207857e-02
2.132811e-06 7.970168e-03
2.135167e-06 -1.422812e-02
2.137522e-06 -3.333850e-02
2.139878e-06 -2.819244e-02
2.142233e-06 3.859553e-02
2.144589e-06 -1.353409e-02
2.146945e-06 1.681254e-02
2.149300e-06 4.340141e-02
2.151656e-06 7.955632e-02
2.154011e-06 -5.453163e-02
2.156367e-06 8.720267e-02
2.158722e-06 4.694181e-02
2.161078e-06 -6.749203e-02
2.163433e-06 8.566632e-02
2.165789e-06 8.991951e-02
2.168144e-06 -8.724495e-02
2.170500e-06 -4.929058e-02
2.172856e-06 5.136858e-02
2.175211e-06 3.457469e-02
2.177567e-06 -5.218137e-02
2.179922e-06 -5.225782e-02
2.182278e-06 -2.436815e-02
2.184633e-06 -5.471961e-03
2.186989e-06 1.736041e-02
2.189344e-06 -3.642180e-02
2.191700e-06 -2.161157e-02
2.194055e-06 3.146169e-02
2.196411e-06 -1.146098e-01
2.198767e-06 -7.570429e-02
2.201122e-06 1.217945e-02
2.203478e-06 4.425212e-02
2.205833e-06 -3.636775e-02
2.208189e-06 -3.306800e-02
2.210544e-06 -1.188438e-01
2.212900e-06 -5.158315e-02
2.215255e-06 -3.532963e-02
2.217611e-06 -9.414644e-02
2.219966e-06 -8.957935e-02
2.222322e-06 -6.875863e-02
2.224677e-06 -1.409887e-01
2.227033e-06 -8.024408e-02
2.229389e-06 -9.988662e-02
2.231744e-06 -7.419306e-02
2.234100e-06 -1.132564e-01
2.236455e-06 4.338031e-02
2.238811e-06 -1.352296e-02
2.241166e-06 6.062706e-03
2.243522e-06 3.056018e-02
2.245877e-06 -2.842566e-02
2.248233e-06 -1.116616e-01
2.250588e-06 -2.255598e-02
2.252944e-06 -1.354066e-02
2.255300e-06 1.898989e-02
2.257655e-06 -3.940559e-02
2.260011e-06 -9.586092e-02
2.262366e-06 -6.026129e-02
2.264722e-06 -4.003950e-02
2.267077e-06 2.088801e-02
2.269433e-06 1.022073e-02
2.271788e-06 -2.835507e-02
2.274144e-06 9.892244e-02
2.276499e-06 2.254718e-02
2.278855e-06 -5.138961e-02
2.281211e-06 -7.870565e-02
2.283566e-06 -6.893915e-02
2.285922e-06 -5.346146e-02
2.288277e-06 -7.365876e-02
2.290633e-06 -7.162365e-02
2.292988e-06 -5.157567e-02
2.295344e-06 -7.163836e-02
2.297699e-06 7.532163e-02
2.300055e-06 -8.570309e-02
2.302410e-06 5.434065e-03
2.304766e-06 -1.510722e-02
2.307122e-06 1.015708e-01
2.309477e-06 -7.021556e-02
2.311833e-06 -1.077060e-02
2.314188e-06 1.096748e-01
2.316544e-06 9.682811e-02
2.318899e-06 8.892676e-02
2.321255e-06 -2.177279e-02
2.323610e-06 -3.804154e-02
2.325966e-06 6.264388e-02
2.328321e-06 1.159247e-01
2.330677e-06 4.253641e-02
2.333033e-06 4.690005e-02
2.335388e-06 -9.941737e-03
2.337744e-06 8.944596e-02
2.340099e-06 -2.555895e-02
2.342455e-06 3.253080e-03
2.344810e-06 2.508945e-02
2.347166e-06 4.300917e-02
2.349521e-06 -8.546032e-03
2.351877e-06 -3.230661e-02
2.354232e-06 6.883841e-02
2.356588e-06 6.428895e-03
2.358944e-06 6.693881e-02
2.361299e-06 -1.644791e-02
2.363655e-06 5.089595e-02
2.366010e-06 6.188474e-02
2.368366e-06 -3.713072e-02
2.370721e-06 2.011626e-02
2.373077e-06 -2.003084e-02
2.375432e-06 -3.394795e-02
2.377788e-06 1.516599e-01
2.380143e-06 1.842947e-02
2.382499e-06 1.162244e-01
2.384855e-06 5.010699e-03
2.387210e-06 8.846221e-02
2.389566e-06 1.022863e-01
2.391921e-06 6.744760e-02
2.394277e-06 4.071419e-02
2.396632e-06 2.691369e-02
2.398988e-06 1.250003e-02
2.401343e-06 1.268131e-01
2.403699e-06 1.052120e-01
2.406054e-06 1.302744e-01
2.408410e-06 -3.969068e-02
2.410766e-06 7.980425e-02
2.413121e-06 1.194797e-01
2.415477e-06 -3.376088e-02
2.417832e-06 -6.175506e-02
2.420188e-06 6.572796e-02
2.422543e-06 2.495660e-02
2.424899e-06 5.607685e-02
2.427254e-06 -1.118305e-01
2.429610e-06 7.492944e-03
2.431965e-06 -1.230106e-01
2.434321e-06 -1.423804e-01
