# wave_AA  F_obs  F_err  F_model_total  F_WD  F_spot  F_cyclotron   (dereddened, cgs per AA; adopted solution B=56.77 MG)
4.062500e+03 1.718757e-16 7.861227e-18 1.574496e-16 8.003839e-18 1.494450e-16 7.968722e-22
4.137500e+03 1.467444e-16 7.511665e-18 1.497527e-16 8.180562e-18 1.415721e-16 1.922196e-23
4.162500e+03 1.588293e-16 7.449047e-18 1.472970e-16 8.238173e-18 1.390589e-16 4.359591e-24
4.187500e+03 1.582954e-16 8.603401e-18 1.448886e-16 8.289714e-18 1.365989e-16 9.434957e-25
4.212500e+03 1.410123e-16 1.157909e-17 1.425282e-16 8.337253e-18 1.341909e-16 2.260444e-25
4.237500e+03 1.358224e-16 6.041388e-18 1.402153e-16 8.381597e-18 1.318337e-16 5.999829e-26
4.262500e+03 1.342997e-16 5.988047e-18 1.379470e-16 8.420892e-18 1.295261e-16 9.989641e-26
4.287500e+03 1.229881e-16 5.929792e-18 1.357197e-16 8.452830e-18 1.272668e-16 9.481574e-25
4.387500e+03 1.157847e-16 5.700887e-18 1.272603e-16 8.564659e-18 1.186911e-16 4.489509e-21
4.412500e+03 1.111233e-16 5.894581e-18 1.252656e-16 8.589408e-18 1.166571e-16 1.908459e-20
4.437500e+03 1.088391e-16 6.148269e-18 1.233310e-16 8.601873e-18 1.146650e-16 6.409916e-20
4.512500e+03 1.078577e-16 4.885932e-18 1.186473e-16 8.633730e-18 1.089305e-16 1.083115e-18
4.562500e+03 1.036365e-16 5.126365e-18 1.186934e-16 8.666974e-18 1.052996e-16 4.726793e-18
4.587500e+03 1.083909e-16 5.075907e-18 1.204448e-16 8.678443e-18 1.035392e-16 8.227150e-18
4.612500e+03 1.141185e-16 5.261647e-18 1.232015e-16 8.684097e-18 1.018142e-16 1.270317e-17
4.637500e+03 1.248829e-16 5.192644e-18 1.267405e-16 8.686330e-18 1.001240e-16 1.793020e-17
4.662500e+03 1.261539e-16 7.046105e-18 1.308956e-16 8.686390e-18 9.846765e-17 2.374155e-17
4.737500e+03 1.401113e-16 5.434937e-18 1.380278e-16 8.669457e-18 9.369429e-17 3.566401e-17
4.762500e+03 1.399966e-16 5.414499e-18 1.362860e-16 8.656802e-18 9.216593e-17 3.546327e-17
4.787500e+03 1.430068e-16 5.462253e-18 1.316619e-16 8.636947e-18 9.066774e-17 3.235717e-17
4.812500e+03 1.345436e-16 5.612705e-18 1.233515e-16 8.597101e-18 8.919906e-17 2.555535e-17
4.937500e+03 1.204167e-16 5.610494e-18 9.525242e-17 8.563648e-18 8.227523e-17 4.413540e-18
4.962500e+03 1.148484e-16 4.427357e-18 9.139738e-17 8.557526e-18 8.097003e-17 1.869819e-18
4.987500e+03 1.149208e-16 4.478630e-18 8.895083e-17 8.545133e-18 7.968999e-17 7.157078e-19
5.037500e+03 1.046927e-16 4.455294e-18 8.599037e-17 8.511736e-18 7.720310e-17 2.755304e-19
5.062500e+03 1.003346e-16 3.959330e-18 8.458977e-17 8.492680e-18 7.599518e-17 1.019065e-19
5.087500e+03 1.001496e-16 4.208172e-18 8.331111e-17 8.472323e-18 7.481025e-17 2.854395e-20
5.112500e+03 9.356486e-17 3.971042e-18 8.211424e-17 8.450376e-18 7.364779e-17 1.607200e-20
5.137500e+03 9.516203e-17 3.764875e-18 8.094235e-17 8.427757e-18 7.250731e-17 7.279479e-21
5.162500e+03 9.047121e-17 3.593536e-18 7.979462e-17 8.404389e-18 7.138833e-17 1.898455e-21
5.187500e+03 9.138795e-17 4.255516e-18 7.867131e-17 8.380313e-18 7.029039e-17 6.055700e-22
5.212500e+03 8.525887e-17 4.016474e-18 7.756869e-17 8.355386e-18 6.921301e-17 2.918967e-22
5.237500e+03 8.468049e-17 3.479487e-18 7.648577e-17 8.329945e-18 6.815575e-17 7.945966e-23
5.262500e+03 7.723336e-17 3.257541e-18 7.542216e-17 8.303965e-18 6.711817e-17 1.806561e-23
5.287500e+03 7.916599e-17 3.560733e-18 7.437850e-17 8.278641e-18 6.609986e-17 8.215143e-24
5.312500e+03 7.663878e-17 3.383719e-18 7.335401e-17 8.253627e-18 6.510038e-17 2.052708e-24
5.337500e+03 7.026799e-17 3.073277e-18 7.234730e-17 8.227967e-18 6.411934e-17 4.290323e-25
5.362500e+03 7.093229e-17 4.085139e-18 7.135816e-17 8.201828e-18 6.315633e-17 1.737551e-25
5.387500e+03 6.978043e-17 3.326667e-18 7.038476e-17 8.173779e-18 6.221098e-17 3.443041e-26
5.437500e+03 6.278180e-17 3.367294e-18 6.848618e-17 8.114446e-18 6.037173e-17 2.682596e-27
5.462500e+03 6.425631e-17 2.915580e-18 6.756141e-17 8.084298e-18 5.947711e-17 3.953183e-28
5.487500e+03 6.052389e-17 3.539117e-18 6.665345e-17 8.054767e-18 5.859868e-17 1.310254e-28
5.512500e+03 6.024096e-17 2.765227e-18 6.576127e-17 8.025159e-18 5.773611e-17 2.689279e-29
5.537500e+03 6.057516e-17 2.847904e-18 6.488426e-17 7.995205e-18 5.688906e-17 8.052993e-30
5.562500e+03 5.573154e-17 3.501089e-18 6.402207e-17 7.964873e-18 5.605720e-17 6.096543e-29
5.587500e+03 5.519604e-17 3.575098e-18 6.317438e-17 7.934170e-18 5.524021e-17 8.943284e-28
5.612500e+03 5.314382e-17 2.564574e-18 6.234092e-17 7.903127e-18 5.443779e-17 1.149697e-26
5.637500e+03 5.101153e-17 2.935930e-18 6.152142e-17 7.871792e-18 5.364963e-17 1.297848e-25
5.662500e+03 5.312849e-17 2.793822e-18 6.071579e-17 7.840354e-18 5.287543e-17 1.302172e-24
5.687500e+03 4.880713e-17 2.523697e-18 5.992394e-17 7.809025e-18 5.211491e-17 1.165841e-23
5.712500e+03 4.883606e-17 2.487241e-18 5.914468e-17 7.776810e-18 5.136778e-17 9.283615e-23
5.737500e+03 4.921712e-17 2.510051e-18 5.837876e-17 7.744352e-18 5.063376e-17 6.499220e-22
5.762500e+03 4.840538e-17 3.663014e-18 5.762700e-17 7.710511e-18 4.991259e-17 3.905689e-21
5.787500e+03 4.871060e-17 2.480327e-18 5.689954e-17 7.676291e-18 4.920400e-17 1.924624e-20
5.812500e+03 4.659425e-17 5.046294e-18 5.622184e-17 7.643065e-18 4.850773e-17 7.103724e-20
5.837500e+03 5.202142e-17 3.222836e-18 5.559794e-17 7.609625e-18 4.782354e-17 1.647700e-19
5.912500e+03 6.231788e-17 3.039638e-18 5.902149e-17 7.508265e-18 4.584099e-17 5.672238e-18
5.937500e+03 6.390527e-17 2.638054e-18 6.876179e-17 7.474138e-18 4.520269e-17 1.608496e-17
5.962500e+03 7.182188e-17 2.877511e-18 7.836019e-17 7.439811e-18 4.457530e-17 2.634508e-17
5.987500e+03 7.571580e-17 3.047153e-18 7.892649e-17 7.405261e-18 4.395859e-17 2.756264e-17
6.012500e+03 7.865502e-17 2.975906e-18 8.145756e-17 7.370569e-18 4.335235e-17 3.073465e-17
6.037500e+03 8.491772e-17 3.120771e-18 8.856275e-17 7.335726e-18 4.275637e-17 3.847065e-17
6.062500e+03 9.195740e-17 3.270293e-18 9.587845e-17 7.300725e-18 4.217044e-17 4.640728e-17
6.087500e+03 9.564913e-17 3.352162e-18 9.683177e-17 7.265571e-18 4.159438e-17 4.797182e-17
6.112500e+03 9.826009e-17 3.394517e-18 9.164724e-17 7.230262e-18 4.102797e-17 4.338901e-17
6.137500e+03 1.047881e-16 3.600453e-18 9.975221e-17 7.194799e-18 4.047104e-17 5.208637e-17
6.162500e+03 1.072530e-16 3.635628e-18 1.007539e-16 7.159141e-18 3.992339e-17 5.367136e-17
6.187500e+03 1.092731e-16 3.764840e-18 9.917697e-17 7.123269e-18 3.938485e-17 5.266885e-17
6.212500e+03 1.085693e-16 3.669167e-18 9.788977e-17 7.087173e-18 3.885523e-17 5.194737e-17
6.237500e+03 1.124009e-16 3.983213e-18 9.799163e-17 7.050783e-18 3.833436e-17 5.260649e-17
6.262500e+03 1.123648e-16 3.820871e-18 9.702501e-17 7.014027e-18 3.782207e-17 5.218891e-17
6.287500e+03 1.122323e-16 4.752587e-18 9.477778e-17 6.976805e-18 3.731820e-17 5.048278e-17
6.312500e+03 1.070120e-16 3.980303e-18 9.510319e-17 6.938917e-18 3.682258e-17 5.134169e-17
6.337500e+03 1.016709e-16 3.654980e-18 9.417536e-17 6.900112e-18 3.633506e-17 5.094019e-17
6.387500e+03 9.931708e-17 3.505068e-18 9.200637e-17 6.817672e-18 3.538366e-17 4.980504e-17
6.412500e+03 9.543538e-17 3.257888e-18 9.064849e-17 6.771945e-18 3.491950e-17 4.895705e-17
6.437500e+03 9.158422e-17 3.179300e-18 8.429883e-17 6.720176e-18 3.446282e-17 4.311583e-17
6.462500e+03 9.014714e-17 3.110139e-18 8.667975e-17 6.656886e-18 3.401349e-17 4.600937e-17
6.487500e+03 8.423204e-17 2.920693e-18 8.015089e-17 6.569388e-18 3.357137e-17 4.001013e-17
6.512500e+03 8.312881e-17 3.357336e-18 7.553195e-17 6.422807e-18 3.313633e-17 3.597282e-17
6.612500e+03 5.553027e-17 2.535409e-18 6.392292e-17 6.290477e-18 3.146424e-17 2.616820e-17
6.637500e+03 5.783113e-17 2.334581e-18 6.185593e-17 6.366986e-18 3.106261e-17 2.442634e-17
6.712500e+03 4.763847e-17 1.885128e-18 5.371722e-17 6.359213e-18 2.989514e-17 1.746287e-17
6.737500e+03 4.406353e-17 1.850324e-18 4.325536e-17 6.334745e-18 2.951808e-17 7.402544e-18
6.762500e+03 4.110241e-17 1.711144e-18 4.205577e-17 6.306457e-18 2.914687e-17 6.602441e-18
6.787500e+03 4.055529e-17 1.692146e-18 3.832772e-17 6.277110e-18 2.878142e-17 3.269193e-18
6.812500e+03 3.726070e-17 1.793368e-18 3.625124e-17 6.246096e-18 2.842161e-17 1.583531e-18
6.837500e+03 3.596339e-17 2.332691e-18 3.529306e-17 6.214419e-18 2.806735e-17 1.011292e-18
6.912500e+03 3.369708e-17 1.770534e-18 3.321112e-17 6.117459e-18 2.703683e-17 5.682710e-20
6.937500e+03 3.421738e-17 1.581495e-18 3.283711e-17 6.084592e-18 2.670376e-17 4.875943e-20
6.962500e+03 3.612948e-17 1.703632e-18 3.243717e-17 6.051662e-18 2.637574e-17 9.761382e-21
6.987500e+03 3.301916e-17 1.647880e-18 3.208024e-17 6.018733e-18 2.605270e-17 8.802049e-21
7.012500e+03 3.575099e-17 1.907101e-18 3.172193e-17 5.985777e-18 2.573454e-17 1.619635e-21
7.037500e+03 3.547978e-17 1.703080e-18 3.137541e-17 5.952786e-18 2.542117e-17 1.453117e-21
7.087500e+03 2.758641e-17 1.749627e-18 3.069553e-17 5.886838e-18 2.480847e-17 2.215015e-22
7.112500e+03 3.152621e-17 1.412523e-18 3.036299e-17 5.853976e-18 2.450897e-17 3.940140e-23
7.137500e+03 2.772303e-17 1.357658e-18 3.003537e-17 5.821406e-18 2.421394e-17 3.116198e-23
7.212500e+03 2.652719e-17 1.806210e-18 2.907893e-17 5.724106e-18 2.335483e-17 8.351082e-25
7.237500e+03 2.827976e-17 1.553553e-18 2.876873e-17 5.691856e-18 2.307687e-17 4.608677e-25
7.262500e+03 2.834523e-17 2.497046e-18 2.846269e-17 5.659690e-18 2.280300e-17 1.138201e-25
7.312500e+03 2.818893e-17 1.382563e-18 2.786275e-17 5.595527e-18 2.226722e-17 1.460451e-26
7.337500e+03 2.647720e-17 1.393312e-18 2.756879e-17 5.563608e-18 2.200518e-17 3.761364e-27
7.362500e+03 2.871487e-17 1.431665e-18 2.727943e-17 5.532485e-18 2.174695e-17 1.726196e-27
7.387500e+03 2.639081e-17 1.380315e-18 2.699353e-17 5.501068e-18 2.149246e-17 2.750901e-28
7.412500e+03 2.925517e-17 1.393214e-18 2.671129e-17 5.469642e-18 2.124165e-17 1.812052e-28
7.437500e+03 2.651982e-17 1.330343e-18 2.643277e-17 5.438319e-18 2.099445e-17 2.848618e-29
7.462500e+03 2.700830e-17 1.396097e-18 2.615809e-17 5.407278e-18 2.075081e-17 1.585862e-29
7.487500e+03 2.660581e-17 1.868128e-18 2.588693e-17 5.376270e-18 2.051066e-17 3.406909e-30
7.512500e+03 2.814015e-17 1.536344e-18 2.561921e-17 5.345262e-18 2.027395e-17 1.047513e-30
7.537500e+03 2.658830e-17 1.511367e-18 2.535493e-17 5.314315e-18 2.004061e-17 3.601993e-31
7.562500e+03 2.689452e-17 1.266611e-18 2.509421e-17 5.283612e-18 1.981060e-17 5.566116e-32
7.662500e+03 2.134309e-17 1.557762e-18 2.408466e-17 5.162050e-18 1.892261e-17 0.000000e+00
7.687500e+03 2.154035e-17 1.168073e-18 2.384041e-17 5.132042e-18 1.870837e-17 0.000000e+00
7.712500e+03 2.148725e-17 1.140645e-18 2.359946e-17 5.102339e-18 1.849712e-17 0.000000e+00
7.737500e+03 2.061725e-17 1.043306e-18 2.336156e-17 5.072725e-18 1.828883e-17 0.000000e+00
7.762500e+03 1.966431e-17 1.792085e-18 2.312672e-17 5.043281e-18 1.808344e-17 0.000000e+00
7.787500e+03 1.960755e-17 1.757379e-18 2.289482e-17 5.013920e-18 1.788090e-17 0.000000e+00
7.812500e+03 2.132646e-17 1.071511e-18 2.266591e-17 4.984746e-18 1.768116e-17 0.000000e+00
7.837500e+03 2.118865e-17 1.071202e-18 2.243983e-17 4.955644e-18 1.748419e-17 0.000000e+00
7.862500e+03 2.024130e-17 1.168290e-18 2.221665e-17 4.926727e-18 1.728992e-17 0.000000e+00
7.887500e+03 2.052138e-17 1.069497e-18 2.199619e-17 4.897861e-18 1.709833e-17 0.000000e+00
7.912500e+03 2.063826e-17 1.297914e-18 2.177855e-17 4.869186e-18 1.690937e-17 0.000000e+00
7.937500e+03 2.120754e-17 1.024678e-18 2.156362e-17 4.840630e-18 1.672299e-17 0.000000e+00
7.962500e+03 1.945356e-17 1.151166e-18 2.135136e-17 4.812218e-18 1.653915e-17 0.000000e+00
7.987500e+03 2.056509e-17 1.273511e-18 2.114196e-17 4.784149e-18 1.635781e-17 0.000000e+00
8.012500e+03 2.012233e-17 1.017269e-18 2.093504e-17 4.756108e-18 1.617893e-17 0.000000e+00
8.037500e+03 2.090231e-17 1.004870e-18 2.073073e-17 4.728264e-18 1.600247e-17 0.000000e+00
8.062500e+03 2.187483e-17 1.073754e-18 2.052892e-17 4.700525e-18 1.582839e-17 0.000000e+00
8.087500e+03 2.141998e-17 9.789059e-19 2.032954e-17 4.672878e-18 1.565666e-17 0.000000e+00
8.112500e+03 2.065535e-17 9.499585e-19 2.013274e-17 4.645502e-18 1.548723e-17 0.000000e+00
8.137500e+03 2.174156e-17 9.851685e-19 1.993836e-17 4.618287e-18 1.532008e-17 0.000000e+00
8.162500e+03 1.995398e-17 1.115229e-18 1.974631e-17 4.591158e-18 1.515515e-17 0.000000e+00
8.187500e+03 2.053894e-17 1.114955e-18 1.955662e-17 4.564194e-18 1.499243e-17 0.000000e+00
8.287500e+03 2.063531e-17 1.138491e-18 1.882075e-17 4.457942e-18 1.436281e-17 1.215325e-29
8.312500e+03 1.970844e-17 1.067478e-18 1.864233e-17 4.431767e-18 1.421056e-17 3.801643e-28
8.337500e+03 1.898801e-17 1.011222e-18 1.846598e-17 4.405665e-18 1.406032e-17 7.930328e-27
8.362500e+03 1.891296e-17 1.101590e-18 1.829177e-17 4.379734e-18 1.391204e-17 4.977155e-26
8.387500e+03 1.754870e-17 8.804138e-19 1.811970e-17 4.354010e-18 1.376569e-17 7.149769e-26
8.412500e+03 1.777937e-17 9.041809e-19 1.794970e-17 4.328446e-18 1.362125e-17 1.477224e-24
8.462500e+03 1.767997e-17 1.124420e-18 1.761571e-17 4.277722e-18 1.333798e-17 9.147953e-24
8.487500e+03 1.584895e-17 1.235432e-18 1.745183e-17 4.252573e-18 1.319909e-17 1.664033e-22
8.512500e+03 1.821717e-17 1.063154e-18 1.729061e-17 4.227528e-18 1.306199e-17 1.089911e-21
8.562500e+03 2.007111e-17 1.043077e-18 1.698341e-17 4.178051e-18 1.279305e-17 1.230906e-20
8.587500e+03 1.850093e-17 8.591444e-19 1.684955e-17 4.153556e-18 1.266116e-17 3.483525e-20
8.612500e+03 2.101262e-17 9.802202e-19 1.671836e-17 4.129209e-18 1.253096e-17 5.819561e-20
8.637500e+03 2.238490e-17 1.299517e-18 1.704911e-17 4.104965e-18 1.240241e-17 5.417317e-19
8.687500e+03 2.465146e-17 1.113792e-18 1.870099e-17 4.056910e-18 1.215020e-17 2.493882e-18
8.712500e+03 2.492383e-17 1.018481e-18 2.281027e-17 4.033102e-18 1.202648e-17 6.750687e-18
8.737500e+03 2.464704e-17 1.013700e-18 2.286525e-17 4.009400e-18 1.190433e-17 6.951517e-18
8.762500e+03 2.852828e-17 1.354574e-18 3.144026e-17 3.985769e-18 1.178371e-17 1.567078e-17
8.787500e+03 2.841209e-17 1.213327e-18 2.802601e-17 3.962356e-18 1.166461e-17 1.239905e-17
8.812500e+03 3.112961e-17 1.154047e-18 3.554831e-17 3.939010e-18 1.154700e-17 2.006231e-17
8.837500e+03 3.245623e-17 1.319841e-18 3.271038e-17 3.916001e-18 1.143086e-17 1.736352e-17
8.862500e+03 3.396885e-17 1.289902e-18 3.961677e-17 3.893076e-18 1.131616e-17 2.440753e-17
8.887500e+03 3.204690e-17 1.399020e-18 4.087012e-17 3.870326e-18 1.120290e-17 2.579690e-17
9.012500e+03 3.871255e-17 1.693257e-18 3.963033e-17 3.758372e-18 1.065724e-17 2.521472e-17
9.037500e+03 3.845738e-17 1.460112e-18 3.936387e-17 3.736360e-18 1.055210e-17 2.507541e-17
9.062500e+03 3.660532e-17 1.431376e-18 3.909997e-17 3.714464e-18 1.044825e-17 2.493726e-17
9.087500e+03 3.663637e-17 1.390292e-18 3.883861e-17 3.692703e-18 1.034567e-17 2.480024e-17
9.112500e+03 3.822908e-17 1.476290e-18 3.857986e-17 3.671184e-18 1.024433e-17 2.466435e-17
9.137500e+03 3.778373e-17 1.345633e-18 3.832363e-17 3.649836e-18 1.014423e-17 2.452957e-17
9.162500e+03 3.815019e-17 1.378515e-18 3.806979e-17 3.628559e-18 1.004534e-17 2.439590e-17
9.187500e+03 3.762472e-17 1.340738e-18 3.781839e-17 3.607442e-18 9.947642e-18 2.426331e-17
9.212500e+03 3.648006e-17 1.355796e-18 3.756936e-17 3.586433e-18 9.851125e-18 2.413180e-17
