# wave_AA  flux_cgs  err_cgs (dereddened, line-masked)
4.062500000000000000e+03 8.735276989025815620e-17 3.459233042187890752e-18
4.137500000000000000e+03 8.164877320469563881e-17 3.353075196165184426e-18
4.162500000000000000e+03 7.519443944592231484e-17 2.873164854482993825e-18
4.187500000000000000e+03 7.661504312656337997e-17 3.555726911682680799e-18
4.212500000000000000e+03 7.154172118543507339e-17 4.240022196820301098e-18
4.237500000000000000e+03 7.254558175377068831e-17 2.717732790533686280e-18
4.262500000000000000e+03 7.156919404799640477e-17 2.685213768633765101e-18
4.287500000000000000e+03 7.415717805777996300e-17 2.734749803466258640e-18
4.387500000000000000e+03 7.008276049709168216e-17 3.265070560298354970e-18
4.412500000000000000e+03 6.080421531041367468e-17 2.732343630935618037e-18
4.437500000000000000e+03 5.947448328242730284e-17 2.354619127983043114e-18
4.512500000000000000e+03 5.592741950465598261e-17 2.285622765638499977e-18
4.562500000000000000e+03 5.543291111370853974e-17 2.249335541949083452e-18
4.587500000000000000e+03 5.610411316718776448e-17 2.128802497072451401e-18
4.612500000000000000e+03 5.711571896224060914e-17 2.215469634645691829e-18
4.637500000000000000e+03 6.054094045758606208e-17 2.248551883549327743e-18
4.662500000000000000e+03 6.286614257297135033e-17 2.937666031175892956e-18
4.737500000000000000e+03 5.313708394527141179e-17 2.222403997845999301e-18
4.762500000000000000e+03 5.559551285642237055e-17 2.043377880785727805e-18
4.787500000000000000e+03 5.839843580196964907e-17 2.104471805888667919e-18
4.812500000000000000e+03 6.181042999412511524e-17 2.393100040362822410e-18
4.937500000000000000e+03 9.198455904906737295e-17 3.392512877287740466e-18
4.962500000000000000e+03 9.103387172412890000e-17 3.011274825581105291e-18
4.987500000000000000e+03 9.399924809175690722e-17 3.386843741851607051e-18
5.037500000000000000e+03 1.046415189733150301e-16 3.511416167766800212e-18
5.062500000000000000e+03 1.045361799791265838e-16 3.433527752137624119e-18
5.087500000000000000e+03 9.991657206558508999e-17 3.251692052125756029e-18
5.112500000000000000e+03 1.007021946816193143e-16 3.345617921063390228e-18
5.137500000000000000e+03 1.023279435744788220e-16 3.329555738543399284e-18
5.162500000000000000e+03 1.066110574932438774e-16 3.435257155604749046e-18
5.187500000000000000e+03 1.056030930924952481e-16 3.593893083712780793e-18
5.212500000000000000e+03 1.033136416736402775e-16 3.365801745732583504e-18
5.237500000000000000e+03 1.018803219816903999e-16 3.451640551141124926e-18
5.262500000000000000e+03 1.034960288563085282e-16 3.342876562165016963e-18
5.287500000000000000e+03 1.055781141788278954e-16 3.403136271062462950e-18
5.312500000000000000e+03 1.007440378446060584e-16 3.312862015156188488e-18
5.337500000000000000e+03 1.030734475457911810e-16 3.335742939693729375e-18
5.362500000000000000e+03 9.971670931515055005e-17 3.230467254400896363e-18
5.387500000000000000e+03 9.968696329994070648e-17 3.307197362424125766e-18
5.437500000000000000e+03 9.654325764450365609e-17 3.183497763203670710e-18
5.462500000000000000e+03 9.264000644629103775e-17 3.029892421945295066e-18
5.487500000000000000e+03 9.134227733701431645e-17 2.984002805352487582e-18
5.512500000000000000e+03 9.086157021901491632e-17 2.961183494364281830e-18
5.537500000000000000e+03 8.696480625991161519e-17 2.857100336878348376e-18
5.562500000000000000e+03 8.750346758681606181e-17 3.022282331610197760e-18
5.587500000000000000e+03 8.830957121140160539e-17 3.211120690683715129e-18
5.612500000000000000e+03 8.703538471594280937e-17 2.943892185276411467e-18
5.637500000000000000e+03 8.326762137704083936e-17 2.784369460531310069e-18
5.662500000000000000e+03 8.125913849251138323e-17 2.694362518108279256e-18
5.687500000000000000e+03 7.764236972550483621e-17 2.605361755790955693e-18
5.712500000000000000e+03 7.619986928901322163e-17 2.571600858185612008e-18
5.737500000000000000e+03 7.431256350037449494e-17 2.598601829638494438e-18
5.762500000000000000e+03 7.324778956234961911e-17 2.799102079421077059e-18
5.787500000000000000e+03 7.195085698948332468e-17 2.519349466163713766e-18
5.812500000000000000e+03 6.931069242453440761e-17 2.483913285092767042e-18
5.837500000000000000e+03 6.708558028623770228e-17 2.257286351616009027e-18
5.912500000000000000e+03 5.796253344219352177e-17 2.141782062723577385e-18
5.937500000000000000e+03 5.547346587720500972e-17 2.196852957776164258e-18
5.962500000000000000e+03 5.380150373054349223e-17 2.139180664870884984e-18
5.987500000000000000e+03 5.403261304030468007e-17 1.871954013819594148e-18
6.012500000000000000e+03 5.281959087084860653e-17 1.799354958792053575e-18
6.037500000000000000e+03 4.933342683028781178e-17 1.767894504513040532e-18
6.062500000000000000e+03 4.753496272428437115e-17 1.736317647041288900e-18
6.087500000000000000e+03 4.636526334862646025e-17 1.605804088958315027e-18
6.112500000000000000e+03 4.489921193967823112e-17 1.585716108263882168e-18
6.137500000000000000e+03 4.206062153516074822e-17 1.496091241084316499e-18
6.162500000000000000e+03 4.219057966965628842e-17 1.586847757518502995e-18
6.187500000000000000e+03 4.031992690946959356e-17 1.425665809621171805e-18
6.212500000000000000e+03 3.861933285304135779e-17 1.371235051320267291e-18
6.237500000000000000e+03 3.726874264760063739e-17 1.347227703419864135e-18
6.262500000000000000e+03 3.640397570071874269e-17 1.320617237031045619e-18
6.287500000000000000e+03 3.653003814381858333e-17 1.510038967981141274e-18
6.312500000000000000e+03 3.644090472966583324e-17 1.722573041549753461e-18
6.337500000000000000e+03 3.815265111592563648e-17 1.432895892383201578e-18
6.387500000000000000e+03 3.703435904306732255e-17 1.402772537708109117e-18
6.412500000000000000e+03 3.670496859326105670e-17 1.291057614463001629e-18
6.437500000000000000e+03 3.630515878871587084e-17 1.279866860035461756e-18
6.462500000000000000e+03 3.707428579449381853e-17 1.316043539441311072e-18
6.487500000000000000e+03 3.857871403389950896e-17 1.341780212462712946e-18
6.512500000000000000e+03 3.898136712646126595e-17 1.511554987860274539e-18
6.612500000000000000e+03 3.805117864784818325e-17 1.477558899091208640e-18
6.637500000000000000e+03 3.414457511350104895e-17 1.204729616066157001e-18
6.712500000000000000e+03 3.258738827439432285e-17 1.212971987586095962e-18
6.737500000000000000e+03 3.315831992500499639e-17 1.159705937371348236e-18
6.762500000000000000e+03 3.288597116902527187e-17 1.150421557980344537e-18
6.787500000000000000e+03 3.214060424336057344e-17 1.145224943698747214e-18
6.812500000000000000e+03 3.262347677332097858e-17 1.252815526205514508e-18
6.837500000000000000e+03 3.295156424249505825e-17 1.518434302735309704e-18
6.912500000000000000e+03 3.554005024215446643e-17 1.287358601046847551e-18
6.937500000000000000e+03 3.863323663334749449e-17 1.424191555762492193e-18
6.962500000000000000e+03 4.078099483510518752e-17 1.382111790030048861e-18
6.987500000000000000e+03 4.210752021977685599e-17 1.415964707612340441e-18
7.012500000000000000e+03 4.396438283142474544e-17 1.463326464418588252e-18
7.037500000000000000e+03 4.646939802014765660e-17 1.588991223814532638e-18
7.087500000000000000e+03 4.505510705207338127e-17 1.738543408275247916e-18
7.112500000000000000e+03 4.584897966122240288e-17 1.508003314079431081e-18
7.137500000000000000e+03 4.457286115368797089e-17 1.497146395679763105e-18
7.212500000000000000e+03 4.776223942017399244e-17 1.649267912247013700e-18
7.237500000000000000e+03 5.001900895842162113e-17 1.696524314835870450e-18
7.262500000000000000e+03 5.327433491171326664e-17 2.202169657756854091e-18
7.312500000000000000e+03 5.670444778769086909e-17 1.869184142153713638e-18
7.337500000000000000e+03 5.682383573675715186e-17 1.893884268921740909e-18
7.362500000000000000e+03 5.651682046112428862e-17 1.921646426896938102e-18
7.387500000000000000e+03 6.010342979575882508e-17 1.944764210822543916e-18
7.412500000000000000e+03 6.028205011665379593e-17 1.944340971088515665e-18
7.437500000000000000e+03 5.828103903285686793e-17 1.891356041308109378e-18
7.462500000000000000e+03 5.845056705024074373e-17 1.914168795342453365e-18
7.487500000000000000e+03 6.012506982692917122e-17 1.984970649934059463e-18
7.512500000000000000e+03 5.994475815119582732e-17 1.961438919850100811e-18
7.537500000000000000e+03 6.099257234682055368e-17 2.051869086423753879e-18
7.562500000000000000e+03 5.944601753405434806e-17 1.923845166284674791e-18
7.662500000000000000e+03 4.906118415882671923e-17 1.763361379061857872e-18
7.687500000000000000e+03 5.183965988587379910e-17 1.728915090619081364e-18
7.712500000000000000e+03 5.019450216649737199e-17 1.716347214183087081e-18
7.737500000000000000e+03 5.367370226700147989e-17 1.731045632736125036e-18
7.762500000000000000e+03 5.124271451165657457e-17 1.918321945502178840e-18
7.787500000000000000e+03 5.403630830109491582e-17 1.918376444586059774e-18
7.812500000000000000e+03 5.347673338111635633e-17 1.751836533167262414e-18
7.837500000000000000e+03 5.211156442302100124e-17 1.681106247800596946e-18
7.862500000000000000e+03 5.124405552704837881e-17 1.754019222329483778e-18
7.887500000000000000e+03 5.242419974744908269e-17 1.685585835304889674e-18
7.912500000000000000e+03 5.239972728521258099e-17 1.685209322942156112e-18
7.937500000000000000e+03 5.176115744860379840e-17 1.650252186092482761e-18
7.962500000000000000e+03 5.288428054516862789e-17 1.937982705724656259e-18
7.987500000000000000e+03 5.321991286365153666e-17 1.727875277797513703e-18
8.012500000000000000e+03 5.313109549473634780e-17 1.738653615751594612e-18
8.037500000000000000e+03 5.276023635330128035e-17 1.790685674075518320e-18
8.062500000000000000e+03 5.408661904057633482e-17 1.720477302653533336e-18
8.087500000000000000e+03 5.461264669002445539e-17 1.734421509446655074e-18
8.112500000000000000e+03 5.448492026359148191e-17 1.742167505563124466e-18
8.137500000000000000e+03 5.572831175744551684e-17 1.756483567163290659e-18
8.162500000000000000e+03 5.360457944082612811e-17 1.717294321201674743e-18
8.187500000000000000e+03 4.998389507241587379e-17 1.815410053041292915e-18
8.287500000000000000e+03 5.184289914545050251e-17 1.685787082315766063e-18
8.312500000000000000e+03 5.023987227397344319e-17 1.601302751677181946e-18
8.337500000000000000e+03 4.961311884443342305e-17 1.580764755931760390e-18
8.362500000000000000e+03 5.083660802552948822e-17 1.686763090415116919e-18
8.387500000000000000e+03 4.822316592171923898e-17 1.538023720059129066e-18
8.412500000000000000e+03 4.823664383011608736e-17 1.538346391209096359e-18
8.462500000000000000e+03 4.442755056601997514e-17 1.509276278596545211e-18
8.487500000000000000e+03 4.537917168212641613e-17 1.720286586620202100e-18
8.512500000000000000e+03 4.350887393690001615e-17 1.454308900989273025e-18
8.562500000000000000e+03 4.521376958106967674e-17 1.522175696147888350e-18
8.587500000000000000e+03 4.408285514779176887e-17 1.400582334643279533e-18
8.612500000000000000e+03 4.536333277921103414e-17 1.440588869208952935e-18
8.637500000000000000e+03 4.233943335453995286e-17 1.409661043063281904e-18
8.687500000000000000e+03 4.439205392170865264e-17 1.527876706332626701e-18
8.712500000000000000e+03 4.017315306629082104e-17 1.295495579956336189e-18
8.737500000000000000e+03 4.212380865110951777e-17 1.389501635818720967e-18
8.762500000000000000e+03 4.682484839850661585e-17 1.510908247032523294e-18
8.787500000000000000e+03 4.313890287930865814e-17 1.484770990315929747e-18
8.812500000000000000e+03 4.139897496191000341e-17 1.409669728415702167e-18
8.837500000000000000e+03 4.083141242151874370e-17 1.346229498296334942e-18
8.862500000000000000e+03 4.527034456270017083e-17 1.604074317882185452e-18
8.887500000000000000e+03 4.737996648569420853e-17 1.602354758453103724e-18
9.012500000000000000e+03 4.880257857007843226e-17 1.689173333782241237e-18
9.037500000000000000e+03 4.969158853775248409e-17 1.663641118765687446e-18
9.062500000000000000e+03 4.022034699763939406e-17 1.409056069340871050e-18
9.087500000000000000e+03 4.028619427890665766e-17 1.318345020029779018e-18
9.112500000000000000e+03 4.028534315361043586e-17 1.289854757191537302e-18
9.137500000000000000e+03 4.023806247974151490e-17 1.297358091250270354e-18
9.162500000000000000e+03 3.991198278615911311e-17 1.313692049083185566e-18
9.187500000000000000e+03 4.078071098150713729e-17 1.315650268291050182e-18
9.212500000000000000e+03 4.169037940172716705e-17 1.368352001716618635e-18
