# wave_AA  flux_cgs  err_cgs (dereddened, line-masked)
4.012500000000000000e+03 1.955119853028320875e+01 2.407115763701566991e+00
4.062500000000000000e+03 1.758734024533476514e+01 1.434865403997920952e+00
4.137500000000000000e+03 2.000837617228870968e+01 2.024306626108600682e+00
4.162500000000000000e+03 1.733200168780415140e+01 1.146395866327818203e+00
4.187500000000000000e+03 1.591206326311605856e+01 1.614076392136357230e+00
4.212500000000000000e+03 1.746187318535890043e+01 1.485487184899971780e+00
4.237500000000000000e+03 1.903581424009527723e+01 1.086372059534984391e+00
4.262500000000000000e+03 1.890662315783054837e+01 1.053565099382257175e+00
4.287500000000000000e+03 1.944032559723444820e+01 1.059581019856568940e+00
4.387500000000000000e+03 2.000303002573563305e+01 1.089729473602054188e+00
4.412500000000000000e+03 1.917440722681590515e+01 1.054085349401342242e+00
4.437500000000000000e+03 1.853333578487620770e+01 1.032937833693411189e+00
4.487500000000000000e+03 1.552773676865134789e+01 1.738818658603605405e+00
4.512500000000000000e+03 1.566312721687808285e+01 9.191478252790860060e-01
4.562500000000000000e+03 1.563719304023261714e+01 9.779048635665102962e-01
4.587500000000000000e+03 1.386619656492671027e+01 8.997462891409122587e-01
4.612500000000000000e+03 1.339271278353342076e+01 9.088668800086319166e-01
4.637500000000000000e+03 1.572875557005147229e+01 8.486924060314170459e-01
4.662500000000000000e+03 1.537966180701912400e+01 1.256437286667374531e+00
4.737500000000000000e+03 1.325172087388221698e+01 8.374941917579202810e-01
4.762500000000000000e+03 1.313903805640774536e+01 7.190638180951641756e-01
4.787500000000000000e+03 1.268272100809181246e+01 7.222303668071914373e-01
4.812500000000000000e+03 1.282999167248641470e+01 8.527754562443637942e-01
4.937500000000000000e+03 1.253033567689300831e+01 1.068361528070594035e+00
4.962500000000000000e+03 1.232685362764922310e+01 6.604619536971710891e-01
4.987500000000000000e+03 1.287302739148016606e+01 7.184229070933378924e-01
5.037500000000000000e+03 1.386615928252583707e+01 7.565213086109168206e-01
5.062500000000000000e+03 1.408272833393078116e+01 6.579470958807471792e-01
5.087500000000000000e+03 1.531881719341727077e+01 7.097409083282737452e-01
5.112500000000000000e+03 1.548759217484305495e+01 7.067393157714939589e-01
5.137500000000000000e+03 1.574642726824724193e+01 7.592666182007232756e-01
5.162500000000000000e+03 1.813758570639331680e+01 7.554824264234538678e-01
5.187500000000000000e+03 1.831745935617493615e+01 7.668874859722198956e-01
5.212500000000000000e+03 1.857042739349112637e+01 7.746966377726638431e-01
5.237500000000000000e+03 1.854064963594959536e+01 7.643895140631473684e-01
5.262500000000000000e+03 1.932454989649147592e+01 7.763093722201476199e-01
5.287500000000000000e+03 1.985632063014964999e+01 8.038718301418048551e-01
5.312500000000000000e+03 1.911974906810682384e+01 7.801592302975763893e-01
5.337500000000000000e+03 1.929787481182119890e+01 7.947504623810057733e-01
5.362500000000000000e+03 1.833141558850506669e+01 8.013007110446371817e-01
5.387500000000000000e+03 1.744835189104728812e+01 8.512415521037636212e-01
5.437500000000000000e+03 1.762384127775303355e+01 8.421146654540953014e-01
5.462500000000000000e+03 1.699140903781487921e+01 8.210956337587298481e-01
5.487500000000000000e+03 1.692341038091612404e+01 7.808090773903931803e-01
5.512500000000000000e+03 1.635204866277839741e+01 7.590668417472804519e-01
5.537500000000000000e+03 1.493438486642070195e+01 7.677294548721597112e-01
5.562500000000000000e+03 1.509059332845089152e+01 8.674696829823733690e-01
5.587500000000000000e+03 1.404920201193862361e+01 1.043307506774920901e+00
5.612500000000000000e+03 1.382518103664868114e+01 7.357504043168369146e-01
5.637500000000000000e+03 1.377342440786148714e+01 7.383852934808229351e-01
5.662500000000000000e+03 1.237257656247368587e+01 8.292032693473134763e-01
5.687500000000000000e+03 1.328854861435917556e+01 8.558398914814158154e-01
5.712500000000000000e+03 1.218280670980140989e+01 7.959382699111423598e-01
5.737500000000000000e+03 1.194706254691182856e+01 7.562733018074188074e-01
5.762500000000000000e+03 1.032025531985531686e+01 7.836025135889905791e-01
5.787500000000000000e+03 1.093963067830838831e+01 8.475967619085555960e-01
5.812500000000000000e+03 1.041773914624756436e+01 9.880345595017487881e-01
5.837500000000000000e+03 1.170862118860615197e+01 1.304406341571878736e+00
5.912500000000000000e+03 1.552237252648606258e+01 1.385645754733453527e+00
5.937500000000000000e+03 1.231324960402041135e+01 1.011093693751692113e+00
5.962500000000000000e+03 1.199213798876065340e+01 9.722607990140056389e-01
5.987500000000000000e+03 1.232105569771045950e+01 1.025357074802061064e+00
6.012500000000000000e+03 1.262369894712967699e+01 9.145623231450942248e-01
6.037500000000000000e+03 1.307383147026176040e+01 8.602375173756769966e-01
6.062500000000000000e+03 1.076457604645017341e+01 8.217064172556861612e-01
6.087500000000000000e+03 1.113238676775209157e+01 8.016819287434781005e-01
6.112500000000000000e+03 1.224098068675472106e+01 8.392877177800658339e-01
6.137500000000000000e+03 1.140891397471705382e+01 8.298777004252595457e-01
6.162500000000000000e+03 1.067073785000655306e+01 7.892480143485317567e-01
6.187500000000000000e+03 1.079476406424332069e+01 7.843997726489058131e-01
6.212500000000000000e+03 9.834458882301275295e+00 7.427086037685998177e-01
6.237500000000000000e+03 1.110454279689237822e+01 7.736411974469139530e-01
6.262500000000000000e+03 1.133045937483120547e+01 7.823881747101020245e-01
6.287500000000000000e+03 1.004593455299659510e+01 1.282978279448813375e+00
6.312500000000000000e+03 1.038011267530324666e+01 9.741698045190421151e-01
6.337500000000000000e+03 1.031397818151086732e+01 6.972346199194827676e-01
6.387500000000000000e+03 1.021021486604685613e+01 6.236853030645969076e-01
6.412500000000000000e+03 9.917215914429435841e+00 5.888102476300099974e-01
6.437500000000000000e+03 1.018024091710230117e+01 6.138058339329158786e-01
6.462500000000000000e+03 1.136998651287975193e+01 6.145548340055621006e-01
6.487500000000000000e+03 1.198097182810335859e+01 5.859623528307145168e-01
6.512500000000000000e+03 1.403865834631367626e+01 8.218558173403716083e-01
6.612500000000000000e+03 1.510544452008018723e+01 7.132388385710625167e-01
6.637500000000000000e+03 1.450389147733879902e+01 6.421671573859807358e-01
6.712500000000000000e+03 1.534421222593844014e+01 6.132378708537609135e-01
6.737500000000000000e+03 1.548207174013192144e+01 5.977494170306265620e-01
6.762500000000000000e+03 1.553615996891746143e+01 6.205178883280850766e-01
6.787500000000000000e+03 1.585309679280557482e+01 6.030437544241296077e-01
6.812500000000000000e+03 1.557138119284793198e+01 5.930079976386479768e-01
6.837500000000000000e+03 1.436942216492445468e+01 1.200369864800820308e+00
6.912500000000000000e+03 1.604131890629504653e+01 6.983776006636024380e-01
6.937500000000000000e+03 1.489007984074849844e+01 6.035294859734504636e-01
6.962500000000000000e+03 1.532141411839569400e+01 6.020013522438609765e-01
6.987500000000000000e+03 1.568315159587774588e+01 6.244743308196083476e-01
7.012500000000000000e+03 1.621721842993400386e+01 6.901314845272413789e-01
7.037500000000000000e+03 1.506617339016749924e+01 6.252547247788906581e-01
7.087500000000000000e+03 1.406733995183505392e+01 6.719001335765274474e-01
7.112500000000000000e+03 1.443988513711284405e+01 5.586537959043293977e-01
7.137500000000000000e+03 1.427107749322948749e+01 5.636332896770469558e-01
7.212500000000000000e+03 1.357882246567951334e+01 7.567609761614837449e-01
7.237500000000000000e+03 1.377806147119141222e+01 8.447545026838712001e-01
7.262500000000000000e+03 1.361752783240966558e+01 7.377187089401172626e-01
7.312500000000000000e+03 1.165496511470040453e+01 7.778783560160545951e-01
7.337500000000000000e+03 1.159602278057084845e+01 6.529877617561967718e-01
7.362500000000000000e+03 1.197822403768320498e+01 6.013767908161936626e-01
7.387500000000000000e+03 1.278824384600051545e+01 5.542688547766220220e-01
7.412500000000000000e+03 1.209204746685840881e+01 5.839839192918775401e-01
7.437500000000000000e+03 1.205929339877467577e+01 5.379693148649866696e-01
7.462500000000000000e+03 1.204824660822691129e+01 5.199035528693187747e-01
7.487500000000000000e+03 1.236789106591955623e+01 5.813999472822555248e-01
7.512500000000000000e+03 1.173598867538225399e+01 5.106811865012238494e-01
7.537500000000000000e+03 1.166520384523543719e+01 5.593847589264470122e-01
7.562500000000000000e+03 1.183507207592515798e+01 5.631285433786205052e-01
7.687500000000000000e+03 9.954544075061836139e+00 5.747354968868988445e-01
7.712500000000000000e+03 9.825756704980118883e+00 6.507704610486939600e-01
7.737500000000000000e+03 9.290286154589582068e+00 5.179190028821437641e-01
7.787500000000000000e+03 1.087628614592204457e+01 1.050599415108532497e+00
7.812500000000000000e+03 9.759680698098359031e+00 6.580328798972343574e-01
7.837500000000000000e+03 8.819599413175295055e+00 5.795319064341796222e-01
7.862500000000000000e+03 9.342875329516612481e+00 9.012173355846255784e-01
7.887500000000000000e+03 9.190847090744391323e+00 6.310475108586258708e-01
7.912500000000000000e+03 9.600936283982438368e+00 7.653421368299392347e-01
7.937500000000000000e+03 8.233625508232343293e+00 5.747997814631868874e-01
7.962500000000000000e+03 8.092633078110264222e+00 5.408095374016619328e-01
7.987500000000000000e+03 8.290352983306922496e+00 6.790411129500458776e-01
8.012500000000000000e+03 8.720287533446580142e+00 7.102493519237874642e-01
8.037500000000000000e+03 8.421354113295254962e+00 5.643150088981040424e-01
8.062500000000000000e+03 7.853864344000764497e+00 5.151100815741319616e-01
8.087500000000000000e+03 8.652902488027555350e+00 5.742579185944102216e-01
8.112500000000000000e+03 8.440115561192786942e+00 5.065114128648769976e-01
8.137500000000000000e+03 8.450548042933181847e+00 5.082998778705584142e-01
8.162500000000000000e+03 8.141592533824731248e+00 5.881745073773960719e-01
8.187500000000000000e+03 8.153579216794222262e+00 1.080873423460026350e+00
8.287500000000000000e+03 8.480877132874377722e+00 8.782100975032703927e-01
8.312500000000000000e+03 8.371741086750940752e+00 6.397683446238557892e-01
8.337500000000000000e+03 7.815301000456338798e+00 6.887856219877341868e-01
8.362500000000000000e+03 8.427429992777280887e+00 7.320499606212341748e-01
8.387500000000000000e+03 7.101171710193016295e+00 6.110872122297756892e-01
8.412500000000000000e+03 7.955710019294513380e+00 7.245593420831912823e-01
8.462500000000000000e+03 9.409879289251575685e+00 1.033523868033714876e+00
8.512500000000000000e+03 6.283356662090357148e+00 7.331717156605626062e-01
8.562500000000000000e+03 6.476735012194842156e+00 5.808509258071100634e-01
8.587500000000000000e+03 6.411131337488622073e+00 5.787327951605676368e-01
8.612500000000000000e+03 5.989647469049232953e+00 6.589956410822312982e-01
8.637500000000000000e+03 8.698227698654326545e+00 1.204193973634283044e+00
8.687500000000000000e+03 6.338550436891628337e+00 8.107297507203050646e-01
8.712500000000000000e+03 6.454706506745793604e+00 5.857175212294289945e-01
8.737500000000000000e+03 6.688715572410401045e+00 5.472731189192380219e-01
8.762500000000000000e+03 6.862856046294122159e+00 1.311393403110044931e+00
8.787500000000000000e+03 6.646497823274673422e+00 1.117381323253143988e+00
8.812500000000000000e+03 6.009069597675164687e+00 5.474888331751311954e-01
8.837500000000000000e+03 8.819210948871425870e+00 1.371405989220711108e+00
8.862500000000000000e+03 8.461088652076162120e+00 1.011591266729883642e+00
8.887500000000000000e+03 5.832765387398513468e+00 9.613967401119025702e-01
9.012500000000000000e+03 8.520378981100199312e+00 1.043677778552610125e+00
9.037500000000000000e+03 7.622633881987454174e+00 8.205989250492681242e-01
9.062500000000000000e+03 6.741372257758589726e+00 8.788797614992120977e-01
9.087500000000000000e+03 6.362495966472622833e+00 7.202187878154144851e-01
