# wave_AA  F_obs  F_err  F_model_total  F_WD  F_spot  F_cyclotron   (dereddened, cgs per AA; adopted solution B=51.13 MG)
4.012500e+03 1.955120e+01 2.407116e+00 1.610845e+01 1.306789e+01 2.986692e+00 5.386752e-02
4.062500e+03 1.758734e+01 1.434865e+00 1.613630e+01 1.314644e+01 2.849054e+00 1.408024e-01
4.137500e+03 2.000838e+01 2.024307e+00 1.624155e+01 1.324343e+01 2.657111e+00 3.410089e-01
4.162500e+03 1.733200e+01 1.146396e+00 1.628101e+01 1.327670e+01 2.596739e+00 4.075763e-01
4.187500e+03 1.591206e+01 1.614076e+00 1.630442e+01 1.330209e+01 2.538070e+00 4.642575e-01
4.212500e+03 1.746187e+01 1.485487e+00 1.631126e+01 1.332378e+01 2.481048e+00 5.064338e-01
4.237500e+03 1.903581e+01 1.086372e+00 1.629903e+01 1.334224e+01 2.425616e+00 5.311701e-01
4.262500e+03 1.890662e+01 1.053565e+00 1.626651e+01 1.335723e+01 2.371723e+00 5.375579e-01
4.287500e+03 1.944033e+01 1.059581e+00 1.621282e+01 1.336700e+01 2.319316e+00 5.265055e-01
4.387500e+03 2.000303e+01 1.089729e+00 1.588515e+01 1.339624e+01 2.123610e+00 3.652982e-01
4.412500e+03 1.917441e+01 1.054085e+00 1.579458e+01 1.340324e+01 2.077942e+00 3.134056e-01
4.437500e+03 1.853334e+01 1.032938e+00 1.570063e+01 1.340408e+01 2.033493e+00 2.630646e-01
4.487500e+03 1.552774e+01 1.738819e+00 1.552048e+01 1.339799e+01 1.948102e+00 1.743863e-01
4.512500e+03 1.566313e+01 9.191478e-01 1.546341e+01 1.341830e+01 1.907085e+00 1.380214e-01
4.562500e+03 1.563719e+01 9.779049e-01 1.530977e+01 1.339943e+01 1.828238e+00 8.210556e-02
4.587500e+03 1.386620e+01 8.997463e-01 1.523944e+01 1.338728e+01 1.790342e+00 6.182200e-02
4.612500e+03 1.339271e+01 9.088669e-01 1.517226e+01 1.337297e+01 1.753421e+00 4.585951e-02
4.637500e+03 1.572876e+01 8.486924e-01 1.510795e+01 1.335696e+01 1.717446e+00 3.353971e-02
4.662500e+03 1.537966e+01 1.256437e+00 1.504596e+01 1.333937e+01 1.682389e+00 2.420127e-02
4.737500e+03 1.325172e+01 8.374942e-01 1.486737e+01 1.327648e+01 1.582446e+00 8.441615e-03
4.762500e+03 1.313904e+01 7.190638e-01 1.480833e+01 1.325171e+01 1.550788e+00 5.833432e-03
4.787500e+03 1.268272e+01 7.222304e-01 1.474766e+01 1.322357e+01 1.519917e+00 4.175486e-03
4.812500e+03 1.282999e+01 8.527755e-01 1.468053e+01 1.318686e+01 1.489810e+00 3.852290e-03
4.937500e+03 1.253034e+01 1.068362e+00 1.458906e+01 1.305435e+01 1.349969e+00 1.847416e-01
4.962500e+03 1.232685e+01 6.604620e-01 1.469055e+01 1.302544e+01 1.323997e+00 3.411170e-01
4.987500e+03 1.287303e+01 7.184229e-01 1.486915e+01 1.299383e+01 1.298646e+00 5.766742e-01
5.037500e+03 1.386616e+01 7.565213e-01 1.548413e+01 1.292553e+01 1.249738e+00 1.308870e+00
5.062500e+03 1.408273e+01 6.579471e-01 1.589928e+01 1.288961e+01 1.226147e+00 1.783521e+00
5.087500e+03 1.531882e+01 7.097409e-01 1.634861e+01 1.285266e+01 1.203110e+00 2.292836e+00
5.112500e+03 1.548759e+01 7.067393e-01 1.679484e+01 1.281482e+01 1.180610e+00 2.799416e+00
5.137500e+03 1.574643e+01 7.592666e-01 1.720436e+01 1.277615e+01 1.158634e+00 3.269578e+00
5.162500e+03 1.813759e+01 7.554824e-01 1.755154e+01 1.273672e+01 1.137167e+00 3.677659e+00
5.187500e+03 1.831746e+01 7.668875e-01 1.782136e+01 1.269656e+01 1.116194e+00 4.008613e+00
5.212500e+03 1.857043e+01 7.746966e-01 1.800893e+01 1.265562e+01 1.095702e+00 4.257612e+00
5.237500e+03 1.854065e+01 7.643895e-01 1.811705e+01 1.261400e+01 1.075677e+00 4.427372e+00
5.262500e+03 1.932455e+01 7.763094e-01 1.815273e+01 1.257177e+01 1.056108e+00 4.524850e+00
5.287500e+03 1.985632e+01 8.038718e-01 1.812448e+01 1.252900e+01 1.036982e+00 4.558498e+00
5.312500e+03 1.911975e+01 7.801592e-01 1.804059e+01 1.248575e+01 1.018286e+00 4.536549e+00
5.337500e+03 1.929787e+01 7.947505e-01 1.790808e+01 1.244190e+01 1.000010e+00 4.466176e+00
5.362500e+03 1.833142e+01 8.013007e-01 1.773294e+01 1.239757e+01 9.821416e-01 4.353235e+00
5.387500e+03 1.744835e+01 8.512416e-01 1.751947e+01 1.235242e+01 9.646703e-01 4.202377e+00
5.437500e+03 1.762384e+01 8.421147e-01 1.699298e+01 1.226042e+01 9.308770e-01 3.801682e+00
5.462500e+03 1.699141e+01 8.210956e-01 1.668713e+01 1.221373e+01 9.145350e-01 3.558867e+00
5.487500e+03 1.692341e+01 7.808091e-01 1.635843e+01 1.216670e+01 8.985499e-01 3.293181e+00
5.512500e+03 1.635205e+01 7.590668e-01 1.601199e+01 1.211931e+01 8.829122e-01 3.009773e+00
5.537500e+03 1.493438e+01 7.677295e-01 1.565382e+01 1.207148e+01 8.676131e-01 2.714721e+00
5.562500e+03 1.509059e+01 8.674697e-01 1.529074e+01 1.202329e+01 8.526438e-01 2.414805e+00
5.587500e+03 1.404920e+01 1.043308e+00 1.492985e+01 1.197469e+01 8.379958e-01 2.117166e+00
5.612500e+03 1.382518e+01 7.357504e-01 1.457847e+01 1.192576e+01 8.236608e-01 1.829052e+00
5.637500e+03 1.377342e+01 7.383853e-01 1.424333e+01 1.187649e+01 8.096308e-01 1.557214e+00
5.662500e+03 1.237258e+01 8.292033e-01 1.392968e+01 1.182691e+01 7.958982e-01 1.306880e+00
5.687500e+03 1.328855e+01 8.558399e-01 1.364094e+01 1.177707e+01 7.824553e-01 1.081413e+00
5.712500e+03 1.218281e+01 7.959383e-01 1.337877e+01 1.172690e+01 7.692949e-01 8.825790e-01
5.737500e+03 1.194706e+01 7.562733e-01 1.314388e+01 1.167645e+01 7.564099e-01 7.110196e-01
5.762500e+03 1.032026e+01 7.836025e-01 1.293509e+01 1.162538e+01 7.437934e-01 5.659187e-01
5.787500e+03 1.093963e+01 8.475968e-01 1.275099e+01 1.157434e+01 7.314387e-01 4.452131e-01
5.812500e+03 1.041774e+01 9.880346e-01 1.258890e+01 1.152318e+01 7.193393e-01 3.463797e-01
5.837500e+03 1.170862e+01 1.304406e+00 1.244611e+01 1.147182e+01 7.074890e-01 2.667997e-01
5.912500e+03 1.552237e+01 1.385646e+00 1.210536e+01 1.131661e+01 6.733719e-01 1.153741e-01
5.937500e+03 1.231325e+01 1.011094e+00 1.201284e+01 1.126456e+01 6.624582e-01 8.582650e-02
5.962500e+03 1.199214e+01 9.722608e-01 1.192746e+01 1.121235e+01 6.517646e-01 6.334853e-02
5.987500e+03 1.232106e+01 1.025357e+00 1.184774e+01 1.116002e+01 6.412858e-01 4.643666e-02
6.012500e+03 1.262370e+01 9.145623e-01 1.177231e+01 1.110748e+01 6.310166e-01 3.381101e-02
6.037500e+03 1.307383e+01 8.602375e-01 1.170019e+01 1.105479e+01 6.209521e-01 2.445364e-02
6.062500e+03 1.076458e+01 8.217064e-01 1.163064e+01 1.100197e+01 6.110874e-01 1.758304e-02
6.087500e+03 1.113239e+01 8.016819e-01 1.156309e+01 1.094910e+01 6.014177e-01 1.256496e-02
6.112500e+03 1.224098e+01 8.392877e-01 1.149703e+01 1.089616e+01 5.919384e-01 8.928866e-03
6.137500e+03 1.140891e+01 8.298777e-01 1.143205e+01 1.084310e+01 5.826450e-01 6.311051e-03
6.162500e+03 1.067074e+01 7.892480e-01 1.136797e+01 1.079000e+01 5.735333e-01 4.436009e-03
6.187500e+03 1.079476e+01 7.843998e-01 1.130452e+01 1.073682e+01 5.645989e-01 3.103227e-03
6.212500e+03 9.834459e+00 7.427086e-01 1.124155e+01 1.068355e+01 5.558377e-01 2.159400e-03
6.237500e+03 1.110454e+01 7.736412e-01 1.117899e+01 1.063025e+01 5.472457e-01 1.495892e-03
6.262500e+03 1.133046e+01 7.823882e-01 1.111673e+01 1.057688e+01 5.388191e-01 1.031267e-03
6.287500e+03 1.004593e+01 1.282978e+00 1.105467e+01 1.052341e+01 5.305539e-01 7.115461e-04
6.312500e+03 1.038011e+01 9.741698e-01 1.099280e+01 1.046981e+01 5.224466e-01 5.486535e-04
6.337500e+03 1.031398e+01 6.972346e-01 1.093136e+01 1.041601e+01 5.144934e-01 8.572345e-04
6.387500e+03 1.021021e+01 6.236853e-01 1.081771e+01 1.030744e+01 4.990358e-01 1.123556e-02
6.412500e+03 9.917216e+00 5.888102e-01 1.077919e+01 1.025214e+01 4.915246e-01 3.552347e-02
6.437500e+03 1.018024e+01 6.138058e-01 1.077570e+01 1.019533e+01 4.841542e-01 9.621528e-02
6.462500e+03 1.136999e+01 6.145548e-01 1.084035e+01 1.013534e+01 4.769213e-01 2.280859e-01
6.487500e+03 1.198097e+01 5.859624e-01 1.101739e+01 1.006735e+01 4.698229e-01 4.802151e-01
6.512500e+03 1.403866e+01 8.218558e-01 1.133760e+01 9.973021e+00 4.628561e-01 9.017201e-01
6.612500e+03 1.510544e+01 7.132388e-01 1.402578e+01 9.764833e+00 4.362468e-01 3.824698e+00
6.637500e+03 1.450389e+01 6.421672e-01 1.454187e+01 9.753388e+00 4.298953e-01 4.358590e+00
6.712500e+03 1.534421e+01 6.132379e-01 1.532443e+01 9.625254e+00 4.115218e-01 5.287657e+00
6.737500e+03 1.548207e+01 5.977494e-01 1.548048e+01 9.575969e+00 4.056161e-01 5.498894e+00
6.762500e+03 1.553616e+01 6.205179e-01 1.559526e+01 9.525845e+00 3.998160e-01 5.669603e+00
6.787500e+03 1.585310e+01 6.030438e-01 1.566887e+01 9.475525e+00 3.941191e-01 5.799226e+00
6.812500e+03 1.557138e+01 5.930080e-01 1.570423e+01 9.424903e+00 3.885233e-01 5.890802e+00
6.837500e+03 1.436942e+01 1.200370e+00 1.570704e+01 9.374444e+00 3.830264e-01 5.949569e+00
6.912500e+03 1.604132e+01 6.983776e-01 1.557404e+01 9.223537e+00 3.671087e-01 5.983391e+00
6.937500e+03 1.489008e+01 6.035295e-01 1.549731e+01 9.173435e+00 3.619871e-01 5.961891e+00
6.962500e+03 1.532141e+01 6.020014e-01 1.540977e+01 9.123340e+00 3.569545e-01 5.929473e+00
6.987500e+03 1.568315e+01 6.244743e-01 1.531327e+01 9.073245e+00 3.520091e-01 5.888014e+00
7.012500e+03 1.621722e+01 6.901315e-01 1.520860e+01 9.023277e+00 3.471489e-01 5.838175e+00
7.037500e+03 1.506617e+01 6.252547e-01 1.509486e+01 8.973483e+00 3.423724e-01 5.779008e+00
7.087500e+03 1.406734e+01 6.719001e-01 1.483935e+01 8.874027e+00 3.330630e-01 5.632263e+00
7.112500e+03 1.443989e+01 5.586538e-01 1.469768e+01 8.824576e+00 3.285270e-01 5.544574e+00
7.137500e+03 1.427108e+01 5.636333e-01 1.454428e+01 8.775802e+00 3.240679e-01 5.444410e+00
7.212500e+03 1.357882e+01 7.567610e-01 1.400844e+01 8.630177e+00 3.111368e-01 5.067124e+00
7.237500e+03 1.377806e+01 8.447545e-01 1.380353e+01 8.581957e+00 3.069702e-01 4.914601e+00
7.262500e+03 1.361753e+01 7.377187e-01 1.358868e+01 8.533887e+00 3.028731e-01 4.751921e+00
7.312500e+03 1.165497e+01 7.778784e-01 1.313598e+01 8.438011e+00 2.948818e-01 4.403091e+00
7.337500e+03 1.159602e+01 6.529878e-01 1.290456e+01 8.390331e+00 2.909850e-01 4.223240e+00
7.362500e+03 1.197822e+01 6.013768e-01 1.267509e+01 8.342916e+00 2.871523e-01 4.045018e+00
7.387500e+03 1.278824e+01 5.542689e-01 1.244864e+01 8.295639e+00 2.833825e-01 3.869622e+00
7.412500e+03 1.209205e+01 5.839839e-01 1.223190e+01 8.248926e+00 2.796743e-01 3.703299e+00
7.437500e+03 1.205929e+01 5.379693e-01 1.202481e+01 8.202393e+00 2.760266e-01 3.546395e+00
7.462500e+03 1.204825e+01 5.199036e-01 1.182978e+01 8.156267e+00 2.724381e-01 3.401079e+00
7.487500e+03 1.236789e+01 5.813999e-01 1.164883e+01 8.110189e+00 2.689078e-01 3.269731e+00
7.512500e+03 1.173599e+01 5.106812e-01 1.148027e+01 8.064111e+00 2.654344e-01 3.150728e+00
7.537500e+03 1.166520e+01 5.593848e-01 1.132582e+01 8.018104e+00 2.620169e-01 3.045700e+00
7.562500e+03 1.183507e+01 5.631285e-01 1.118374e+01 7.972478e+00 2.586542e-01 2.952604e+00
7.687500e+03 9.954544e+00 5.747355e-01 1.055785e+01 7.747127e+00 2.426269e-01 2.568097e+00
7.712500e+03 9.825757e+00 6.507705e-01 1.041090e+01 7.703088e+00 2.395718e-01 2.468237e+00
7.737500e+03 9.290286e+00 5.179190e-01 1.024007e+01 7.659182e+00 2.365646e-01 2.344323e+00
7.787500e+03 1.087629e+01 1.050599e+00 9.826078e+00 7.571984e+00 2.306905e-01 2.023404e+00
7.812500e+03 9.759681e+00 6.580329e-01 9.589715e+00 7.528683e+00 2.278217e-01 1.833210e+00
7.837500e+03 8.819599e+00 5.795319e-01 9.340845e+00 7.485479e+00 2.249974e-01 1.630368e+00
7.862500e+03 9.342875e+00 9.012173e-01 9.091239e+00 7.442539e+00 2.222168e-01 1.426484e+00
7.887500e+03 9.190847e+00 6.310475e-01 8.845645e+00 7.399663e+00 2.194789e-01 1.226504e+00
7.912500e+03 9.600936e+00 7.653421e-01 8.613797e+00 7.357086e+00 2.167831e-01 1.039928e+00
7.937500e+03 8.233626e+00 5.747998e-01 8.397196e+00 7.314683e+00 2.141285e-01 8.683844e-01
7.962500e+03 8.092633e+00 5.408095e-01 8.201289e+00 7.272433e+00 2.115144e-01 7.173421e-01
7.987500e+03 8.290353e+00 6.790411e-01 8.024675e+00 7.230835e+00 2.089401e-01 5.848998e-01
8.012500e+03 8.720288e+00 7.102494e-01 7.868886e+00 7.189241e+00 2.064048e-01 4.732398e-01
8.037500e+03 8.421354e+00 5.643150e-01 7.730515e+00 7.147935e+00 2.039078e-01 3.786727e-01
8.062500e+03 7.853864e+00 5.151101e-01 7.609624e+00 7.106781e+00 2.014485e-01 3.013950e-01
8.087500e+03 8.652902e+00 5.742579e-01 7.502452e+00 7.065743e+00 1.990261e-01 2.376829e-01
8.112500e+03 8.440116e+00 5.065114e-01 7.408480e+00 7.025151e+00 1.966401e-01 1.866892e-01
8.137500e+03 8.450548e+00 5.082999e-01 7.324680e+00 6.984792e+00 1.942896e-01 1.455991e-01
8.162500e+03 8.141593e+00 5.881745e-01 7.249613e+00 6.944537e+00 1.919742e-01 1.131014e-01
8.187500e+03 8.153579e+00 1.080873e+00 7.181676e+00 6.904521e+00 1.896932e-01 8.746199e-02
8.287500e+03 8.480877e+00 8.782101e-01 6.957960e+00 6.746969e+00 1.809007e-01 3.008985e-02
8.312500e+03 8.371741e+00 6.397683e-01 6.909755e+00 6.708136e+00 1.787827e-01 2.283645e-02
8.337500e+03 7.815301e+00 6.887856e-01 6.863389e+00 6.669396e+00 1.766955e-01 1.729692e-02
8.362500e+03 8.427430e+00 7.320500e-01 6.818594e+00 6.630885e+00 1.746388e-01 1.307047e-02
8.387500e+03 7.101172e+00 6.110872e-01 6.775200e+00 6.592754e+00 1.726118e-01 9.833742e-03
8.412500e+03 7.955710e+00 7.245593e-01 6.732848e+00 6.554838e+00 1.706142e-01 7.396361e-03
8.462500e+03 9.409879e+00 1.033524e+00 6.650439e+00 6.479594e+00 1.667048e-01 4.140687e-03
8.512500e+03 6.283357e+00 7.331717e-01 6.570370e+00 6.405166e+00 1.629068e-01 2.296968e-03
8.562500e+03 6.476735e+00 5.808509e-01 6.492374e+00 6.331894e+00 1.592162e-01 1.264287e-03
8.587500e+03 6.411131e+00 5.787328e-01 6.453810e+00 6.295465e+00 1.574102e-01 9.344126e-04
8.612500e+03 5.989647e+00 6.589956e-01 6.415725e+00 6.259405e+00 1.556296e-01 6.901672e-04
8.637500e+03 8.698228e+00 1.204194e+00 6.378040e+00 6.223659e+00 1.538742e-01 5.075885e-04
8.687500e+03 6.338550e+00 8.107298e-01 6.303132e+00 6.152422e+00 1.504369e-01 2.738584e-04
8.712500e+03 6.454707e+00 5.857175e-01 6.265763e+00 6.116809e+00 1.487542e-01 2.002340e-04
8.737500e+03 6.688716e+00 5.472731e-01 6.228131e+00 6.080889e+00 1.470950e-01 1.464250e-04
8.762500e+03 6.862856e+00 1.311393e+00 6.192004e+00 6.046438e+00 1.454589e-01 1.068028e-04
8.787500e+03 6.646498e+00 1.117381e+00 6.156092e+00 6.012168e+00 1.438454e-01 7.767935e-05
8.812500e+03 6.009070e+00 5.474888e-01 6.119822e+00 5.977511e+00 1.422543e-01 5.650750e-05
8.837500e+03 8.819211e+00 1.371406e+00 6.082520e+00 5.941794e+00 1.406851e-01 4.098461e-05
8.862500e+03 8.461089e+00 1.011591e+00 6.045128e+00 5.905961e+00 1.391374e-01 2.965931e-05
8.887500e+03 5.832765e+00 9.613967e-01 6.012304e+00 5.874672e+00 1.376110e-01 2.146601e-05
9.012500e+03 8.520379e+00 1.043678e+00 5.831662e+00 5.701373e+00 1.302852e-01 4.134906e-06
9.037500e+03 7.622634e+00 8.205989e-01 5.804061e+00 5.675179e+00 1.288790e-01 2.964072e-06
9.062500e+03 6.741372e+00 8.788798e-01 5.772530e+00 5.645036e+00 1.274917e-01 2.119626e-06
9.087500e+03 6.362496e+00 7.202188e-01 5.738990e+00 5.612865e+00 1.261231e-01 1.512029e-06
