# wave_AA  F_obs  F_err  F_model_total  F_WD  F_spot  F_cyclotron   (dereddened, cgs per AA; adopted solution B=45.31 MG)
4.062500e+03 1.391155e-16 5.745003e-18 1.380787e-16 6.025244e-17 7.355536e-17 4.270916e-18
4.137500e+03 1.413222e-16 5.314136e-18 1.324317e-16 5.755045e-17 6.861377e-17 6.267463e-18
4.162500e+03 1.371248e-16 4.657845e-18 1.359736e-16 6.190402e-17 6.705923e-17 7.010388e-18
4.187500e+03 1.313460e-16 5.138335e-18 1.364288e-16 6.307471e-17 6.554841e-17 7.805701e-18
4.212500e+03 1.275092e-16 5.853110e-18 1.354432e-16 6.272485e-17 6.407986e-17 8.638480e-18
4.237500e+03 1.304118e-16 4.381155e-18 1.334084e-16 6.128299e-17 6.265216e-17 9.473236e-18
4.262500e+03 1.325975e-16 4.868944e-18 1.297948e-16 5.816030e-17 6.126395e-17 1.037058e-17
4.287500e+03 1.297456e-16 4.467399e-18 1.237435e-16 5.258355e-17 5.991395e-17 1.124600e-17
4.387500e+03 1.224960e-16 4.335053e-18 1.178368e-16 4.793734e-17 5.487152e-17 1.502794e-17
4.412500e+03 1.261158e-16 4.261043e-18 1.220440e-16 5.234367e-17 5.369463e-17 1.600570e-17
4.437500e+03 1.232958e-16 4.152367e-18 1.241748e-16 5.453245e-17 5.254908e-17 1.709331e-17
4.512500e+03 1.241626e-16 4.105788e-18 1.243351e-16 5.438389e-17 4.929080e-17 2.066047e-17
4.562500e+03 1.257965e-16 4.254492e-18 1.237850e-16 5.286762e-17 4.725806e-17 2.365931e-17
4.587500e+03 1.218309e-16 4.025968e-18 1.237382e-16 5.198967e-17 4.628095e-17 2.546756e-17
4.612500e+03 1.209271e-16 4.029693e-18 1.236976e-16 5.105780e-17 4.532895e-17 2.731089e-17
4.637500e+03 1.208978e-16 3.978397e-18 1.238663e-16 5.004944e-17 4.440127e-17 2.941558e-17
4.662500e+03 1.119028e-16 5.282200e-18 1.240349e-16 4.894392e-17 4.349719e-17 3.159384e-17
4.737500e+03 1.136809e-16 3.780591e-18 1.233839e-16 4.417411e-17 4.091944e-17 3.829033e-17
4.762500e+03 1.162016e-16 3.867731e-18 1.221091e-16 4.162103e-17 4.010280e-17 4.038529e-17
4.787500e+03 1.147821e-16 3.780511e-18 1.196880e-16 3.837824e-17 3.930642e-17 4.200331e-17
4.812500e+03 1.148459e-16 3.920472e-18 1.162779e-16 3.428886e-17 3.852970e-17 4.345935e-17
4.937500e+03 1.059882e-16 3.840633e-18 1.150142e-16 3.513333e-17 3.492130e-17 4.495952e-17
4.962500e+03 1.034336e-16 3.508021e-18 1.155681e-16 3.667678e-17 3.425102e-17 4.464033e-17
4.987500e+03 1.089142e-16 3.584724e-18 1.153334e-16 3.748898e-17 3.359672e-17 4.424768e-17
5.037500e+03 1.146284e-16 3.829848e-18 1.133506e-16 3.760470e-17 3.233431e-17 4.341164e-17
5.062500e+03 1.101090e-16 3.574551e-18 1.119733e-16 3.725661e-17 3.172532e-17 4.299133e-17
5.087500e+03 1.073117e-16 3.636931e-18 1.105064e-16 3.680124e-17 3.113059e-17 4.257459e-17
5.112500e+03 1.079279e-16 3.495722e-18 1.090021e-16 3.628791e-17 3.054972e-17 4.216451e-17
5.137500e+03 1.041319e-16 3.454364e-18 1.074879e-16 3.574626e-17 2.998233e-17 4.175931e-17
5.162500e+03 1.059353e-16 3.438063e-18 1.059800e-16 3.519108e-17 2.942804e-17 4.136089e-17
5.187500e+03 1.054192e-16 3.419177e-18 1.044859e-16 3.463236e-17 2.888649e-17 4.096708e-17
5.212500e+03 1.026989e-16 3.334481e-18 1.030119e-16 3.407477e-17 2.835734e-17 4.057980e-17
5.237500e+03 9.902750e-17 3.235331e-18 1.015579e-16 3.352091e-17 2.784023e-17 4.019676e-17
5.262500e+03 9.967787e-17 3.302714e-18 1.001282e-16 3.297328e-17 2.733485e-17 3.982003e-17
5.287500e+03 9.970947e-17 3.262867e-18 9.872092e-17 3.243285e-17 2.684088e-17 3.944719e-17
5.312500e+03 1.006922e-16 3.270833e-18 9.733906e-17 3.190063e-17 2.635801e-17 3.908042e-17
5.337500e+03 9.470934e-17 3.167326e-18 9.598014e-17 3.137692e-17 2.588594e-17 3.871728e-17
5.362500e+03 9.615630e-17 3.243274e-18 9.467447e-17 3.089014e-17 2.542439e-17 3.835994e-17
5.387500e+03 9.667241e-17 3.354402e-18 9.336534e-17 3.038614e-17 2.497307e-17 3.800613e-17
5.437500e+03 9.407630e-17 3.127871e-18 9.080701e-17 2.939397e-17 2.410006e-17 3.731298e-17
5.462500e+03 9.308704e-17 3.146850e-18 8.956355e-17 2.891261e-17 2.367785e-17 3.697309e-17
5.487500e+03 9.085109e-17 2.984498e-18 8.834286e-17 2.844078e-17 2.326485e-17 3.663723e-17
5.512500e+03 9.192283e-17 3.007839e-18 8.714490e-17 2.797840e-17 2.286080e-17 3.630570e-17
5.537500e+03 9.102613e-17 3.082917e-18 8.596919e-17 2.752524e-17 2.246548e-17 3.597847e-17
5.562500e+03 9.243379e-17 3.515576e-18 8.481520e-17 2.708105e-17 2.207866e-17 3.565549e-17
5.587500e+03 8.689863e-17 3.208840e-18 8.368229e-17 2.664561e-17 2.170013e-17 3.533654e-17
5.612500e+03 8.740669e-17 2.879177e-18 8.257076e-17 2.621869e-17 2.132967e-17 3.502239e-17
5.637500e+03 8.720219e-17 3.027425e-18 8.147898e-17 2.580014e-17 2.096708e-17 3.471176e-17
5.662500e+03 8.671762e-17 2.885387e-18 8.040850e-17 2.538980e-17 2.061216e-17 3.440655e-17
5.687500e+03 8.607133e-17 2.868286e-18 7.943582e-17 2.506597e-17 2.026471e-17 3.410514e-17
5.712500e+03 8.487175e-17 2.842734e-18 7.839943e-17 2.466655e-17 1.992454e-17 3.380833e-17
5.737500e+03 8.034396e-17 2.833892e-18 7.738428e-17 2.427509e-17 1.959148e-17 3.351771e-17
5.762500e+03 8.102201e-17 2.835146e-18 7.636565e-17 2.387143e-17 1.926535e-17 3.322887e-17
5.787500e+03 7.980475e-17 2.687445e-18 7.538554e-17 2.348980e-17 1.894597e-17 3.294977e-17
5.812500e+03 7.809176e-17 2.911891e-18 7.442390e-17 2.311983e-17 1.863318e-17 3.267089e-17
5.837500e+03 7.603546e-17 2.539669e-18 7.348591e-17 2.275698e-17 1.832681e-17 3.240212e-17
5.912500e+03 7.010366e-17 2.554925e-18 7.078329e-17 2.170805e-17 1.744470e-17 3.163054e-17
5.937500e+03 6.808540e-17 2.390195e-18 6.991203e-17 2.137084e-17 1.716251e-17 3.137869e-17
5.962500e+03 6.716787e-17 2.313443e-18 6.907355e-17 2.103947e-17 1.688599e-17 3.114809e-17
5.987500e+03 6.947030e-17 2.336474e-18 6.824569e-17 2.071377e-17 1.661501e-17 3.091691e-17
6.012500e+03 6.972849e-17 2.322720e-18 6.743570e-17 2.039313e-17 1.634945e-17 3.069312e-17
6.037500e+03 6.843322e-17 2.292409e-18 6.665829e-17 2.007751e-17 1.608916e-17 3.049162e-17
6.062500e+03 6.774570e-17 2.268926e-18 6.587487e-17 1.976642e-17 1.583404e-17 3.027441e-17
6.087500e+03 6.782740e-17 2.291810e-18 6.514071e-17 1.945910e-17 1.558395e-17 3.009766e-17
6.112500e+03 6.754652e-17 2.356618e-18 6.440255e-17 1.915510e-17 1.533877e-17 2.990868e-17
6.137500e+03 6.688870e-17 2.245798e-18 6.368902e-17 1.885381e-17 1.509840e-17 2.973681e-17
6.162500e+03 6.374854e-17 2.139086e-18 6.301477e-17 1.855557e-17 1.486271e-17 2.959649e-17
6.187500e+03 6.551882e-17 2.181246e-18 6.231296e-17 1.825821e-17 1.463160e-17 2.942315e-17
6.212500e+03 6.559221e-17 2.209802e-18 6.168521e-17 1.796078e-17 1.440496e-17 2.931946e-17
6.237500e+03 6.647031e-17 2.212427e-18 6.102886e-17 1.766113e-17 1.418270e-17 2.918503e-17
6.262500e+03 6.370853e-17 2.184097e-18 6.040016e-17 1.735791e-17 1.396470e-17 2.907755e-17
6.287500e+03 6.288584e-17 2.499261e-18 5.981678e-17 1.704838e-17 1.375087e-17 2.901753e-17
6.312500e+03 6.244632e-17 2.245971e-18 5.916853e-17 1.673315e-17 1.354112e-17 2.889426e-17
6.337500e+03 6.491140e-17 2.233901e-18 5.861945e-17 1.640542e-17 1.333535e-17 2.887869e-17
6.387500e+03 6.035247e-17 2.035813e-18 5.738331e-17 1.567932e-17 1.293539e-17 2.876859e-17
6.412500e+03 6.121255e-17 2.024871e-18 5.679544e-17 1.525018e-17 1.274104e-17 2.880423e-17
6.437500e+03 5.839181e-17 1.946415e-18 5.602614e-17 1.474680e-17 1.255031e-17 2.872903e-17
6.462500e+03 5.751304e-17 1.932331e-18 5.529407e-17 1.413284e-17 1.236315e-17 2.879808e-17
6.487500e+03 5.421262e-17 1.847455e-18 5.436526e-17 1.337111e-17 1.217945e-17 2.881470e-17
6.512500e+03 5.302814e-17 1.967142e-18 5.322256e-17 1.241669e-17 1.199916e-17 2.880671e-17
6.612500e+03 5.381082e-17 2.103332e-18 5.222731e-17 1.179442e-17 1.131048e-17 2.912241e-17
6.637500e+03 5.131736e-17 1.863364e-18 5.262306e-17 1.237234e-17 1.114608e-17 2.910464e-17
6.712500e+03 5.256534e-17 1.751621e-18 5.303598e-17 1.298142e-17 1.067049e-17 2.938406e-17
6.737500e+03 5.019680e-17 1.681388e-18 5.304151e-17 1.296741e-17 1.051761e-17 2.955649e-17
6.762500e+03 4.984556e-17 1.795923e-18 5.277770e-17 1.290628e-17 1.036746e-17 2.950395e-17
6.787500e+03 5.085915e-17 1.692386e-18 5.269620e-17 1.280977e-17 1.021998e-17 2.966646e-17
6.812500e+03 4.916730e-17 1.752679e-18 5.251436e-17 1.269668e-17 1.007511e-17 2.974257e-17
6.837500e+03 4.976684e-17 1.988552e-18 5.220591e-17 1.256993e-17 9.932798e-18 2.970319e-17
6.912500e+03 4.566787e-17 1.652977e-18 5.151449e-17 1.214968e-17 9.520670e-18 2.984413e-17
6.937500e+03 4.570323e-17 1.555924e-18 5.134346e-17 1.200309e-17 9.388058e-18 2.995231e-17
6.962500e+03 4.708896e-17 1.619357e-18 5.092271e-17 1.185650e-17 9.257747e-18 2.980847e-17
6.987500e+03 4.443387e-17 1.510747e-18 5.070547e-17 1.170907e-17 9.129688e-18 2.986672e-17
7.012500e+03 4.441899e-17 1.510455e-18 5.042736e-17 1.156270e-17 9.003835e-18 2.986082e-17
7.037500e+03 4.426438e-17 1.587010e-18 4.998368e-17 1.141635e-17 8.880142e-18 2.968719e-17
7.087500e+03 4.661708e-17 1.705056e-18 4.935672e-17 1.112859e-17 8.639062e-18 2.958906e-17
7.112500e+03 4.711415e-17 1.566525e-18 4.893345e-17 1.098597e-17 8.521588e-18 2.942590e-17
7.137500e+03 4.871860e-17 1.763378e-18 4.865887e-17 1.084716e-17 8.406104e-18 2.940561e-17
7.212500e+03 4.966354e-17 1.763870e-18 4.740469e-17 1.043865e-17 8.071189e-18 2.889486e-17
7.237500e+03 5.070681e-17 1.729809e-18 4.684115e-17 1.030567e-17 7.963268e-18 2.857221e-17
7.262500e+03 5.129396e-17 1.880377e-18 4.643691e-17 1.017631e-17 7.857145e-18 2.840345e-17
7.312500e+03 5.144376e-17 1.720218e-18 4.540886e-17 9.920185e-18 7.650147e-18 2.783853e-17
7.337500e+03 4.957544e-17 1.741497e-18 4.498163e-17 9.796188e-18 7.549204e-18 2.763624e-17
7.362500e+03 5.027127e-17 1.691203e-18 4.447214e-17 9.674093e-18 7.449919e-18 2.734813e-17
7.387500e+03 4.846766e-17 1.618383e-18 4.386837e-17 9.555247e-18 7.352261e-18 2.696086e-17
7.412500e+03 4.792877e-17 1.598387e-18 4.340832e-17 9.438012e-18 7.256197e-18 2.671411e-17
7.437500e+03 4.512012e-17 1.547475e-18 4.283638e-17 9.321288e-18 7.161696e-18 2.635339e-17
7.462500e+03 4.501741e-17 1.579049e-18 4.222684e-17 9.204592e-18 7.068729e-18 2.595352e-17
7.487500e+03 4.604907e-17 1.712222e-18 4.172952e-17 9.091327e-18 6.977264e-18 2.566093e-17
7.512500e+03 4.408396e-17 1.556610e-18 4.111712e-17 8.980167e-18 6.887274e-18 2.524968e-17
7.537500e+03 4.437361e-17 1.503644e-18 4.050847e-17 8.869039e-18 6.798729e-18 2.484070e-17
7.562500e+03 4.081787e-17 1.551590e-18 3.998024e-17 8.759661e-18 6.711603e-18 2.450898e-17
7.662500e+03 3.618126e-17 1.514586e-18 3.757155e-17 8.342286e-18 6.376741e-18 2.285252e-17
7.687500e+03 3.817312e-17 1.397052e-18 3.698057e-17 8.242155e-18 6.296308e-18 2.244210e-17
7.712500e+03 3.576060e-17 1.279591e-18 3.643578e-17 8.144761e-18 6.217140e-18 2.207388e-17
7.737500e+03 3.557572e-17 1.232042e-18 3.582774e-17 8.047384e-18 6.139211e-18 2.164114e-17
7.762500e+03 3.261586e-17 1.583756e-18 3.525762e-17 7.950038e-18 6.062499e-18 2.124508e-17
7.787500e+03 3.307386e-17 1.487103e-18 3.472633e-17 7.854397e-18 5.986981e-18 2.088495e-17
7.812500e+03 3.355251e-17 1.176916e-18 3.415813e-17 7.762787e-18 5.912635e-18 2.048270e-17
7.837500e+03 3.182957e-17 1.249121e-18 3.362303e-17 7.671212e-18 5.839440e-18 2.011238e-17
7.862500e+03 3.036335e-17 1.184240e-18 3.312518e-17 7.579638e-18 5.767373e-18 1.977817e-17
7.887500e+03 3.237054e-17 1.161514e-18 3.260852e-17 7.490668e-18 5.696414e-18 1.942144e-17
7.912500e+03 3.064321e-17 1.104023e-18 3.211799e-17 7.403768e-18 5.626542e-18 1.908768e-17
7.937500e+03 2.986118e-17 1.087197e-18 3.166775e-17 7.316868e-18 5.557739e-18 1.879314e-17
7.962500e+03 2.880377e-17 1.041641e-18 3.121483e-17 7.230050e-18 5.489983e-18 1.849480e-17
7.987500e+03 3.042966e-17 1.096355e-18 3.078062e-17 7.146794e-18 5.423257e-18 1.821057e-17
8.012500e+03 2.998277e-17 1.240500e-18 3.037872e-17 7.063579e-18 5.357541e-18 1.795760e-17
8.037500e+03 2.878548e-17 1.018766e-18 3.000297e-17 6.981886e-18 5.292817e-18 1.772827e-17
8.062500e+03 2.769781e-17 9.835039e-19 2.963583e-17 6.901469e-18 5.229067e-18 1.750529e-17
8.087500e+03 2.785225e-17 9.692366e-19 2.928022e-17 6.822008e-18 5.166274e-18 1.729194e-17
8.112500e+03 2.665253e-17 9.318123e-19 2.898041e-17 6.744597e-18 5.104421e-18 1.713139e-17
8.137500e+03 2.742151e-17 9.722176e-19 2.869559e-17 6.667248e-18 5.043490e-18 1.698485e-17
8.162500e+03 2.598435e-17 9.173340e-19 2.840229e-17 6.591539e-18 4.983465e-18 1.682729e-17
8.187500e+03 2.670159e-17 1.008191e-18 2.814084e-17 6.516646e-18 4.924331e-18 1.669986e-17
8.287500e+03 2.547682e-17 9.918181e-19 2.739719e-17 6.227396e-18 4.696382e-18 1.647342e-17
8.312500e+03 2.513614e-17 9.172478e-19 2.730988e-17 6.157957e-18 4.641467e-18 1.651046e-17
8.337500e+03 2.534214e-17 9.565219e-19 2.713648e-17 6.089013e-18 4.587353e-18 1.646012e-17
8.362500e+03 2.604002e-17 9.415937e-19 2.699803e-17 6.021297e-18 4.534024e-18 1.644271e-17
8.387500e+03 2.529998e-17 8.995624e-19 2.707585e-17 5.954423e-18 4.481469e-18 1.663996e-17
8.412500e+03 2.486522e-17 8.922181e-19 2.704395e-17 5.888545e-18 4.429672e-18 1.672573e-17
8.462500e+03 2.617322e-17 1.186041e-18 2.699902e-17 5.759525e-18 4.328303e-18 1.691119e-17
8.487500e+03 2.462921e-17 1.065897e-18 2.721413e-17 5.696359e-18 4.278706e-18 1.723906e-17
8.512500e+03 2.533740e-17 9.736945e-19 2.716932e-17 5.633904e-18 4.229817e-18 1.730560e-17
8.562500e+03 2.722471e-17 1.033907e-18 2.758263e-17 5.511993e-18 4.134116e-18 1.793652e-17
8.587500e+03 2.712391e-17 9.253450e-19 2.784198e-17 5.452275e-18 4.087280e-18 1.830243e-17
8.612500e+03 2.813583e-17 9.763092e-19 2.769700e-17 5.393459e-18 4.041105e-18 1.826243e-17
8.637500e+03 2.800688e-17 1.202769e-18 2.805329e-17 5.335273e-18 3.995580e-18 1.872244e-17
8.687500e+03 2.750012e-17 1.057028e-18 2.893568e-17 5.221353e-18 3.906438e-18 1.980789e-17
8.712500e+03 2.868277e-17 9.877661e-19 2.875421e-17 5.165637e-18 3.862798e-18 1.972578e-17
8.737500e+03 3.043458e-17 1.036561e-18 2.971516e-17 5.110294e-18 3.819766e-18 2.078510e-17
8.762500e+03 3.298680e-17 1.142703e-18 3.038304e-17 5.055527e-18 3.777332e-18 2.155018e-17
8.787500e+03 3.268537e-17 1.205036e-18 3.035538e-17 5.002041e-18 3.735485e-18 2.161785e-17
8.812500e+03 3.315362e-17 1.099014e-18 3.057950e-17 4.948737e-18 3.694216e-18 2.193655e-17
8.837500e+03 3.288314e-17 1.191339e-18 3.166700e-17 4.897106e-18 3.653515e-18 2.311638e-17
8.862500e+03 3.541487e-17 1.182596e-18 3.206156e-17 4.845698e-18 3.613373e-18 2.360249e-17
8.887500e+03 3.349886e-17 1.184714e-18 3.180572e-17 4.795788e-18 3.573780e-18 2.343615e-17
9.012500e+03 3.730045e-17 1.297938e-18 3.370433e-17 4.549759e-18 3.383754e-18 2.577082e-17
9.037500e+03 3.605261e-17 1.186865e-18 3.389932e-17 4.503582e-18 3.347277e-18 2.604846e-17
9.062500e+03 3.492924e-17 1.165033e-18 3.373216e-17 4.458077e-18 3.311289e-18 2.596279e-17
9.087500e+03 3.490650e-17 1.250999e-18 3.366933e-17 4.412707e-18 3.275784e-18 2.598084e-17
9.112500e+03 3.398299e-17 1.124775e-18 3.379255e-17 4.367763e-18 3.240753e-18 2.618403e-17
9.137500e+03 3.363873e-17 1.131955e-18 3.367798e-17 4.323249e-18 3.206190e-18 2.614854e-17
9.162500e+03 3.279402e-17 1.099882e-18 3.344754e-17 4.278646e-18 3.172085e-18 2.599681e-17
9.187500e+03 3.356142e-17 1.153902e-18 3.333295e-17 4.233845e-18 3.138433e-18 2.596068e-17
9.212500e+03 3.434355e-17 1.168816e-18 3.318418e-17 4.189689e-18 3.105226e-18 2.588926e-17
