# wave_AA  flux_cgs  err_cgs (dereddened, line-masked)
4.062500000000000000e+03 1.391155148471771317e-16 5.745003275639416363e-18
4.137500000000000000e+03 1.413221977295297503e-16 5.314135915322139174e-18
4.162500000000000000e+03 1.371248066105211877e-16 4.657845457141970591e-18
4.187500000000000000e+03 1.313459607450728556e-16 5.138335312795239318e-18
4.212500000000000000e+03 1.275092107889762707e-16 5.853109789728843576e-18
4.237500000000000000e+03 1.304118300551770475e-16 4.381155053469898741e-18
4.262500000000000000e+03 1.325974742144411542e-16 4.868944320239816700e-18
4.287500000000000000e+03 1.297456472521634292e-16 4.467398635144981493e-18
4.387500000000000000e+03 1.224959673386618027e-16 4.335053212774999963e-18
4.412500000000000000e+03 1.261157611440684940e-16 4.261043158747284474e-18
4.437500000000000000e+03 1.232958030757593448e-16 4.152367434869714680e-18
4.512500000000000000e+03 1.241625651563284538e-16 4.105787535681480750e-18
4.562500000000000000e+03 1.257964872529910691e-16 4.254491658207218073e-18
4.587500000000000000e+03 1.218308652130028147e-16 4.025968193355220712e-18
4.612500000000000000e+03 1.209270779389903784e-16 4.029693448740980404e-18
4.637500000000000000e+03 1.208977617757385059e-16 3.978397054308851949e-18
4.662500000000000000e+03 1.119027664278082855e-16 5.282199999536056862e-18
4.737500000000000000e+03 1.136808833070775220e-16 3.780590886804627214e-18
4.762500000000000000e+03 1.162016479786410279e-16 3.867731003036869623e-18
4.787500000000000000e+03 1.147821217984114432e-16 3.780511252568264103e-18
4.812500000000000000e+03 1.148459177443117044e-16 3.920472309496636853e-18
4.937500000000000000e+03 1.059881711247754128e-16 3.840632991064933323e-18
4.962500000000000000e+03 1.034336248569400004e-16 3.508020541236598474e-18
4.987500000000000000e+03 1.089142064964333041e-16 3.584723832914025320e-18
5.037500000000000000e+03 1.146283947131996033e-16 3.829847838471106839e-18
5.062500000000000000e+03 1.101089915469410006e-16 3.574551097617730876e-18
5.087500000000000000e+03 1.073116802693774294e-16 3.636930604585462442e-18
5.112500000000000000e+03 1.079279323872540278e-16 3.495721614866830000e-18
5.137500000000000000e+03 1.041318635348019130e-16 3.454363547687365478e-18
5.162500000000000000e+03 1.059352850390582662e-16 3.438063476953182068e-18
5.187500000000000000e+03 1.054191550473845445e-16 3.419177050814952392e-18
5.212500000000000000e+03 1.026988538732840886e-16 3.334480575229833221e-18
5.237500000000000000e+03 9.902750476370894017e-17 3.235330630476843932e-18
5.262500000000000000e+03 9.967787318240003439e-17 3.302714389301373626e-18
5.287500000000000000e+03 9.970946777643391471e-17 3.262867486918792485e-18
5.312500000000000000e+03 1.006921945530357888e-16 3.270832820395792216e-18
5.337500000000000000e+03 9.470934456405014311e-17 3.167326066084834110e-18
5.362500000000000000e+03 9.615630003941391328e-17 3.243274154115284865e-18
5.387500000000000000e+03 9.667240615942384053e-17 3.354401727817230530e-18
5.437500000000000000e+03 9.407629666598932456e-17 3.127870881756966029e-18
5.462500000000000000e+03 9.308703579658379567e-17 3.146850002928455767e-18
5.487500000000000000e+03 9.085109301603904354e-17 2.984498107392045024e-18
5.512500000000000000e+03 9.192283307309162661e-17 3.007838768107587027e-18
5.537500000000000000e+03 9.102613253910198934e-17 3.082917011871419237e-18
5.562500000000000000e+03 9.243379078150700891e-17 3.515575730142989634e-18
5.587500000000000000e+03 8.689863161948753796e-17 3.208839955824979477e-18
5.612500000000000000e+03 8.740668756622471692e-17 2.879176530274306370e-18
5.637500000000000000e+03 8.720219291840518452e-17 3.027425483699705909e-18
5.662500000000000000e+03 8.671762095073186365e-17 2.885386502064469130e-18
5.687500000000000000e+03 8.607133115238288136e-17 2.868285725192874469e-18
5.712500000000000000e+03 8.487175388166644788e-17 2.842734018367514014e-18
5.737500000000000000e+03 8.034396463663499186e-17 2.833892179909451580e-18
5.762500000000000000e+03 8.102201157424956878e-17 2.835145791237032099e-18
5.787500000000000000e+03 7.980475423456151331e-17 2.687444894712015755e-18
5.812500000000000000e+03 7.809176235705587077e-17 2.911890682541424986e-18
5.837500000000000000e+03 7.603546148523138514e-17 2.539669168361153198e-18
5.912500000000000000e+03 7.010366155063082507e-17 2.554924572726723659e-18
5.937500000000000000e+03 6.808540058978804995e-17 2.390195414755963372e-18
5.962500000000000000e+03 6.716787145871154630e-17 2.313442661140596701e-18
5.987500000000000000e+03 6.947029529898734898e-17 2.336474068958567452e-18
6.012500000000000000e+03 6.972848779495016427e-17 2.322719616627274391e-18
6.037500000000000000e+03 6.843322184004320314e-17 2.292409461365587446e-18
6.062500000000000000e+03 6.774570302414096646e-17 2.268926401884749378e-18
6.087500000000000000e+03 6.782739871228391641e-17 2.291810337431995209e-18
6.112500000000000000e+03 6.754651515485472142e-17 2.356617591399523906e-18
6.137500000000000000e+03 6.688869726825014531e-17 2.245798304266005628e-18
6.162500000000000000e+03 6.374853890277406171e-17 2.139085918919758680e-18
6.187500000000000000e+03 6.551882130076634770e-17 2.181246347896118152e-18
6.212500000000000000e+03 6.559220662703965061e-17 2.209801610116640416e-18
6.237500000000000000e+03 6.647031428515768261e-17 2.212426502030146286e-18
6.262500000000000000e+03 6.370853481550258839e-17 2.184097221119058841e-18
6.287500000000000000e+03 6.288583807367437472e-17 2.499261083103010079e-18
6.312500000000000000e+03 6.244631857956966441e-17 2.245971454567148405e-18
6.337500000000000000e+03 6.491139693284695925e-17 2.233900670540909624e-18
6.387500000000000000e+03 6.035247454769224775e-17 2.035813075947007212e-18
6.412500000000000000e+03 6.121254600518598915e-17 2.024870587638172221e-18
6.437500000000000000e+03 5.839180606408837976e-17 1.946415348484500555e-18
6.462500000000000000e+03 5.751304475101113309e-17 1.932330930885676651e-18
6.487500000000000000e+03 5.421261877926153845e-17 1.847455469571761487e-18
6.512500000000000000e+03 5.302813877134071333e-17 1.967141651575765951e-18
6.612500000000000000e+03 5.381082069117746087e-17 2.103331632137186662e-18
6.637500000000000000e+03 5.131736395826043888e-17 1.863363840891326313e-18
6.712500000000000000e+03 5.256533699488656730e-17 1.751621365146856266e-18
6.737500000000000000e+03 5.019679974154275072e-17 1.681387992130753909e-18
6.762500000000000000e+03 4.984556273220057556e-17 1.795922750070304800e-18
6.787500000000000000e+03 5.085915096077267331e-17 1.692386246804422036e-18
6.812500000000000000e+03 4.916730173087923407e-17 1.752678998001961861e-18
6.837500000000000000e+03 4.976684103583175953e-17 1.988552303683956139e-18
6.912500000000000000e+03 4.566787441751438762e-17 1.652977038516061134e-18
6.937500000000000000e+03 4.570322579692102422e-17 1.555923672059799250e-18
6.962500000000000000e+03 4.708895726674676131e-17 1.619357383854168866e-18
6.987500000000000000e+03 4.443386963743067305e-17 1.510747036010784795e-18
7.012500000000000000e+03 4.441899337905710920e-17 1.510454694866936689e-18
7.037500000000000000e+03 4.426437934037617750e-17 1.587009802861023419e-18
7.087500000000000000e+03 4.661707875086649800e-17 1.705055850931416260e-18
7.112500000000000000e+03 4.711415333947562077e-17 1.566524718634311817e-18
7.137500000000000000e+03 4.871860165343542186e-17 1.763378208347685466e-18
7.212500000000000000e+03 4.966354100861898411e-17 1.763869738865345077e-18
7.237500000000000000e+03 5.070680668927795092e-17 1.729808626364798566e-18
7.262500000000000000e+03 5.129396110417413049e-17 1.880376553364282368e-18
7.312500000000000000e+03 5.144375954272657499e-17 1.720218431353236902e-18
7.337500000000000000e+03 4.957543706771654822e-17 1.741497191032421357e-18
7.362500000000000000e+03 5.027127326300015917e-17 1.691203087056083507e-18
7.387500000000000000e+03 4.846765763149571553e-17 1.618382575434287946e-18
7.412500000000000000e+03 4.792876959984927307e-17 1.598386572305716712e-18
7.437500000000000000e+03 4.512012382235151455e-17 1.547474854183433457e-18
7.462500000000000000e+03 4.501740935626520715e-17 1.579049076846130882e-18
7.487500000000000000e+03 4.604906570064970800e-17 1.712222247277684106e-18
7.512500000000000000e+03 4.408396097333861794e-17 1.556610243114365445e-18
7.537500000000000000e+03 4.437360736854490703e-17 1.503644461301744277e-18
7.562500000000000000e+03 4.081787284647504141e-17 1.551590434072732204e-18
7.662500000000000000e+03 3.618125991402983195e-17 1.514586176248107436e-18
7.687500000000000000e+03 3.817312286729880020e-17 1.397051701365574185e-18
7.712500000000000000e+03 3.576059621619759806e-17 1.279591276240684125e-18
7.737500000000000000e+03 3.557571733266006792e-17 1.232042478663784181e-18
7.762500000000000000e+03 3.261586474118218732e-17 1.583755977506784445e-18
7.787500000000000000e+03 3.307386068169560145e-17 1.487103315505899963e-18
7.812500000000000000e+03 3.355251081158209815e-17 1.176915976793438342e-18
7.837500000000000000e+03 3.182956511151386044e-17 1.249121471524768379e-18
7.862500000000000000e+03 3.036335414525343368e-17 1.184239778737141660e-18
7.887500000000000000e+03 3.237054465968148895e-17 1.161514383927935658e-18
7.912500000000000000e+03 3.064321052939246649e-17 1.104023081281322215e-18
7.937500000000000000e+03 2.986118423138764029e-17 1.087197063180757176e-18
7.962500000000000000e+03 2.880376537566126472e-17 1.041640770836658842e-18
7.987500000000000000e+03 3.042966159065502034e-17 1.096355452649993652e-18
8.012500000000000000e+03 2.998276524173541481e-17 1.240499635291590742e-18
8.037500000000000000e+03 2.878548346345449268e-17 1.018765847244016701e-18
8.062500000000000000e+03 2.769781169426244023e-17 9.835039231843101466e-19
8.087500000000000000e+03 2.785224591187212304e-17 9.692365524457350880e-19
8.112500000000000000e+03 2.665252730030566138e-17 9.318122722810468500e-19
8.137500000000000000e+03 2.742150675343050129e-17 9.722176309217068555e-19
8.162500000000000000e+03 2.598435039668857152e-17 9.173339887269784139e-19
8.187500000000000000e+03 2.670159241142855370e-17 1.008191065954528782e-18
8.287500000000000000e+03 2.547682207715275814e-17 9.918181358020071930e-19
8.312500000000000000e+03 2.513614134217308288e-17 9.172478354201597376e-19
8.337500000000000000e+03 2.534213834221150309e-17 9.565218518479737674e-19
8.362500000000000000e+03 2.604002254406081427e-17 9.415936851642979929e-19
8.387500000000000000e+03 2.529998137186398732e-17 8.995623653127856646e-19
8.412500000000000000e+03 2.486522139533133154e-17 8.922181363773342425e-19
8.462500000000000000e+03 2.617322032050682543e-17 1.186041356162846595e-18
8.487500000000000000e+03 2.462921043177312143e-17 1.065897168089085739e-18
8.512500000000000000e+03 2.533740161881658762e-17 9.736944744426194542e-19
8.562500000000000000e+03 2.722470949567787774e-17 1.033906690035637045e-18
8.587500000000000000e+03 2.712391275602144974e-17 9.253450004486771445e-19
8.612500000000000000e+03 2.813583115855557505e-17 9.763091856683262222e-19
8.637500000000000000e+03 2.800687676544441453e-17 1.202768874173096822e-18
8.687500000000000000e+03 2.750012295613817203e-17 1.057028430906457620e-18
8.712500000000000000e+03 2.868276748883231735e-17 9.877660808030378238e-19
8.737500000000000000e+03 3.043457953937841394e-17 1.036560655794806970e-18
8.762500000000000000e+03 3.298680422174237437e-17 1.142703316620159566e-18
8.787500000000000000e+03 3.268537081169496119e-17 1.205036002023932518e-18
8.812500000000000000e+03 3.315361917125239693e-17 1.099013982533008316e-18
8.837500000000000000e+03 3.288313534550499745e-17 1.191338860661529623e-18
8.862500000000000000e+03 3.541486667574375403e-17 1.182596103943176920e-18
8.887500000000000000e+03 3.349886414855258068e-17 1.184714030464245310e-18
9.012500000000000000e+03 3.730044840919376910e-17 1.297937554628590563e-18
9.037500000000000000e+03 3.605261409985542277e-17 1.186864528327802528e-18
9.062500000000000000e+03 3.492923915766614241e-17 1.165032894385897460e-18
9.087500000000000000e+03 3.490650169955037468e-17 1.250998784872921895e-18
9.112500000000000000e+03 3.398299317772549983e-17 1.124774715127551247e-18
9.137500000000000000e+03 3.363872743547235896e-17 1.131954621733294278e-18
9.162500000000000000e+03 3.279402076463561160e-17 1.099881542626985902e-18
9.187500000000000000e+03 3.356142352698981054e-17 1.153901828938185572e-18
9.212500000000000000e+03 3.434354544473659041e-17 1.168815944297925760e-18
