# wavelength_A  residual_flux  error  best_fit_model
7.171287e+03 1.235464e-01 4.821465e-02 9.929542e-02
7.194842e+03 2.091114e-01 6.726675e-03 1.517438e-01
7.218398e+03 2.026950e-01 1.370836e-02 2.203652e-01
7.241953e+03 3.070987e-01 2.069005e-02 2.994614e-01
7.265509e+03 3.008792e-01 3.821328e-02 3.864919e-01
7.289064e+03 3.007210e-01 2.147758e-02 4.768585e-01
7.312620e+03 2.809853e-01 3.900080e-02 5.552767e-01
7.336175e+03 4.424504e-01 3.900080e-02 6.163767e-01
7.359731e+03 3.892848e-01 3.900080e-02 6.656656e-01
7.383286e+03 4.105229e-01 8.427350e-02 7.027556e-01
7.406841e+03 2.728718e-01 8.427350e-02 7.301969e-01
7.430397e+03 6.081510e-01 3.900080e-02 7.562353e-01
7.453952e+03 5.970714e-01 3.240439e-02 7.798562e-01
7.477508e+03 4.894644e-01 5.299337e-02 7.990201e-01
7.501063e+03 4.997754e-01 3.004118e-02 8.189142e-01
7.524619e+03 5.165051e-01 1.549515e-02 8.343383e-01
7.548174e+03 5.570864e-01 3.004118e-02 8.460118e-01
7.571730e+03 6.176031e-01 3.004118e-02 8.575568e-01
7.595285e+03 6.154546e-01 4.874349e-02 8.625403e-01
7.618841e+03 6.037252e-01 4.874349e-02 8.670518e-01
7.642396e+03 7.900726e-01 4.725457e-02 8.681498e-01
7.665951e+03 7.174797e-01 4.725457e-02 8.653820e-01
7.689507e+03 7.698887e-01 6.552328e-02 8.627609e-01
7.713062e+03 8.066110e-01 7.481104e-02 8.544974e-01
7.736618e+03 8.443518e-01 6.423107e-02 8.471056e-01
7.760173e+03 9.173885e-01 6.423107e-02 8.350653e-01
7.783729e+03 8.075036e-01 6.347935e-02 8.225049e-01
7.807284e+03 8.776313e-01 7.504367e-02 8.075082e-01
7.830840e+03 9.003275e-01 7.504367e-02 7.902764e-01
7.854395e+03 7.643717e-01 9.094461e-02 7.726071e-01
7.877950e+03 8.153466e-01 6.347935e-02 7.517497e-01
7.901506e+03 7.119749e-01 5.157358e-02 7.318405e-01
7.925061e+03 6.749128e-01 8.090513e-02 7.087466e-01
7.948617e+03 8.357120e-01 5.678465e-02 6.874846e-01
7.972172e+03 8.230938e-01 8.424991e-02 6.637352e-01
7.995728e+03 7.756793e-01 6.163367e-02 6.423741e-01
8.019283e+03 6.589550e-01 7.089925e-02 6.195254e-01
8.042839e+03 6.015991e-01 6.470661e-02 5.993670e-01
8.066394e+03 7.052619e-01 7.246796e-02 5.786820e-01
8.089950e+03 6.450363e-01 9.361797e-02 5.606949e-01
8.113505e+03 5.700040e-01 9.361797e-02 5.428195e-01
8.137060e+03 6.332223e-01 9.511618e-02 5.271753e-01
8.160616e+03 5.296551e-01 8.015881e-02 5.115090e-01
8.184171e+03 6.933810e-01 8.015881e-02 4.967126e-01
8.207727e+03 5.604148e-01 7.941704e-02 4.804310e-01
8.231282e+03 6.383053e-01 8.650257e-02 4.625291e-01
8.254838e+03 5.646881e-01 8.650257e-02 4.409989e-01
8.278393e+03 5.948415e-01 7.941704e-02 4.152017e-01
8.301949e+03 5.886520e-01 6.761889e-02 3.854825e-01
8.325504e+03 5.015174e-01 4.596425e-02 3.504780e-01
8.349059e+03 6.419712e-01 4.596425e-02 3.144101e-01
8.372615e+03 5.865886e-01 5.074371e-02 2.745714e-01
8.396170e+03 6.021585e-01 7.240967e-02 2.373150e-01
8.419726e+03 5.698529e-01 5.074371e-02 1.997615e-01
8.443281e+03 4.870961e-01 5.074371e-02 1.663383e-01
8.466837e+03 5.285197e-01 3.864724e-02 1.361073e-01
8.490392e+03 3.384720e-01 3.864724e-02 1.094689e-01
8.513948e+03 3.258654e-01 4.453880e-02 8.764158e-02
8.537503e+03 2.567878e-01 4.453880e-02 6.856511e-02
8.561059e+03 2.738819e-01 5.903442e-02 5.371815e-02
8.584614e+03 2.621581e-01 4.129922e-02 4.135149e-02
8.608169e+03 2.186129e-01 4.189867e-02 3.164496e-02
8.631725e+03 3.100111e-01 4.189867e-02 2.415240e-02
8.655280e+03 1.955348e-01 7.073440e-02 1.811301e-02
8.678836e+03 1.602915e-01 9.619358e-02 1.366122e-02
8.702391e+03 1.966784e-01 1.082906e-01 1.015311e-02
8.725947e+03 1.045635e-01 1.082906e-01 7.518776e-03
8.749502e+03 2.250575e-01 1.114450e-01 5.573679e-03
8.773058e+03 6.776765e-02 1.114450e-01 4.064204e-03
8.796613e+03 2.384743e-01 1.294615e-01 2.981203e-03
8.820168e+03 1.837854e-01 1.294615e-01 2.167660e-03
8.843724e+03 5.729948e-02 9.496790e-02 1.562768e-03
8.867279e+03 6.851369e-03 5.511054e-02 1.133424e-03
8.890835e+03 1.570298e-01 5.511054e-02 8.101649e-04
8.914390e+03 1.234996e-01 5.835761e-02 5.791336e-04
8.937946e+03 1.167036e-01 4.978024e-02 4.145130e-04
8.961501e+03 1.473858e-01 5.525024e-02 2.923814e-04
8.985057e+03 1.295833e-02 4.638020e-02 2.073149e-04
9.008612e+03 7.384183e-02 5.189407e-02 1.467357e-04
9.032168e+03 2.932179e-02 5.448802e-02 1.035982e-04
9.055723e+03 1.827679e-01 5.688859e-02 7.655725e-05
9.079278e+03 1.388062e-01 5.426135e-02 6.413678e-05
9.102834e+03 8.432544e-02 5.426135e-02 7.195773e-05
9.126389e+03 3.485679e-02 5.426135e-02 1.173876e-04
9.149945e+03 8.890512e-02 5.426135e-02 2.514328e-04
9.173500e+03 1.037716e-01 5.688859e-02 5.756684e-04
9.197056e+03 1.966825e-01 5.426135e-02 1.224979e-03
9.220611e+03 1.902991e-01 6.080768e-02 2.504014e-03
9.244167e+03 2.522565e-01 5.721353e-02 5.339256e-03
9.267722e+03 1.812832e-01 5.721353e-02 1.049411e-02
9.291277e+03 1.340916e-01 5.721353e-02 1.889929e-02
9.314833e+03 2.809482e-01 5.721353e-02 3.524154e-02
9.338388e+03 3.185828e-01 5.794476e-02 6.164220e-02
9.361944e+03 3.068078e-01 4.446405e-02 9.731499e-02
9.385499e+03 3.830040e-01 5.046935e-02 1.560046e-01
9.409055e+03 3.851347e-01 3.978786e-02 2.240844e-01
9.432610e+03 4.484871e-01 2.648348e-02 2.933229e-01
9.456166e+03 4.607403e-01 5.080273e-02 3.689971e-01
9.479721e+03 4.020921e-01 4.240880e-02 4.181056e-01
9.503277e+03 4.403627e-01 5.309029e-02 4.626562e-01
9.526832e+03 4.468465e-01 5.309029e-02 5.021000e-01
9.550387e+03 5.896189e-01 6.251738e-02 5.371976e-01
9.573943e+03 5.469842e-01 6.272862e-02 5.782064e-01
9.597498e+03 6.076034e-01 8.202651e-02 6.041779e-01
9.621054e+03 7.103712e-01 9.140846e-02 6.290794e-01
9.644609e+03 6.055495e-01 7.293249e-02 6.400751e-01
9.668165e+03 6.646007e-01 7.830657e-02 6.460560e-01
9.691720e+03 7.604674e-01 7.830657e-02 6.465308e-01
9.715276e+03 6.819498e-01 7.830657e-02 6.447503e-01
9.738831e+03 6.784192e-01 6.810271e-02 6.420490e-01
9.762386e+03 7.492908e-01 4.695657e-02 6.390368e-01
9.785942e+03 7.538771e-01 4.105076e-02 6.359827e-01
9.809497e+03 9.378647e-01 2.813594e-02 6.329340e-01
9.833053e+03 9.438416e-01 4.105076e-02 6.299054e-01
9.856608e+03 9.251319e-01 4.105076e-02 6.268984e-01
9.880164e+03 9.847367e-01 6.198665e-02 6.239127e-01
9.903719e+03 9.831725e-01 6.198665e-02 6.209484e-01
9.927275e+03 8.717456e-01 6.198665e-02 6.180050e-01
9.950830e+03 1.024937e+00 7.223066e-02 6.150827e-01
9.974386e+03 9.662869e-01 7.173023e-02 6.121809e-01
9.997941e+03 1.044480e+00 7.173023e-02 6.092997e-01
1.002150e+04 1.078961e+00 5.252298e-02 6.064383e-01
1.004505e+04 9.633830e-01 5.252298e-02 6.035982e-01
1.006861e+04 9.218325e-01 4.268111e-02 6.007767e-01
1.009216e+04 9.454489e-01 4.268111e-02 5.979761e-01
1.011572e+04 9.853232e-01 5.637668e-02 5.951940e-01
1.013927e+04 1.063544e+00 4.268111e-02 5.924323e-01
1.016283e+04 1.072127e+00 4.720875e-02 5.896887e-01
1.018638e+04 8.820689e-01 4.720875e-02 5.869652e-01
1.020994e+04 9.480709e-01 4.330268e-02 5.842594e-01
1.023350e+04 9.182761e-01 4.330268e-02 5.815723e-01
1.025705e+04 8.680880e-01 6.090432e-02 5.789048e-01
1.028061e+04 8.365119e-01 4.330268e-02 5.762545e-01
1.030416e+04 8.689344e-01 3.354667e-02 5.736235e-01
1.032772e+04 9.788658e-01 4.330268e-02 5.710093e-01
1.035127e+04 8.436830e-01 6.138122e-02 5.684141e-01
1.037483e+04 8.660010e-01 6.138122e-02 5.658354e-01
1.039838e+04 8.860471e-01 9.933613e-02 5.632754e-01
1.042194e+04 8.013697e-01 6.313869e-02 5.607315e-01
1.044549e+04 9.062006e-01 4.632016e-02 5.582060e-01
1.046905e+04 8.875341e-01 4.632016e-02 5.556964e-01
1.049261e+04 7.292186e-01 6.054290e-02 5.532037e-01
1.051616e+04 7.649939e-01 6.054290e-02 5.507287e-01
1.053972e+04 7.124020e-01 4.632016e-02 5.482694e-01
1.056327e+04 6.958765e-01 6.054290e-02 5.458274e-01
1.058683e+04 6.329678e-01 4.632016e-02 5.434008e-01
1.061038e+04 7.341853e-01 6.054290e-02 5.409912e-01
1.063394e+04 6.994903e-01 8.603139e-02 5.385967e-01
1.065749e+04 5.959323e-01 8.603139e-02 5.362191e-01
1.068105e+04 6.279224e-01 8.160957e-02 5.338561e-01
1.070460e+04 7.394077e-01 7.300440e-02 5.315096e-01
1.072816e+04 5.912283e-01 9.873369e-02 5.291770e-01
1.075172e+04 5.578564e-01 8.197016e-02 5.268568e-01
1.077527e+04 6.123294e-01 8.197016e-02 5.245468e-01
1.079883e+04 6.971304e-01 8.197016e-02 5.222161e-01
1.082238e+04 5.339728e-01 8.197016e-02 5.198328e-01
1.084594e+04 6.055502e-01 8.890933e-02 5.173270e-01
1.086949e+04 6.093793e-01 8.890933e-02 5.143380e-01
1.089305e+04 4.912828e-01 8.197781e-02 5.109025e-01
1.091660e+04 5.760984e-01 5.827908e-02 5.064955e-01
1.094016e+04 4.907117e-01 6.521826e-02 4.998797e-01
1.096371e+04 5.303161e-01 8.921634e-02 4.924037e-01
1.098727e+04 5.172607e-01 8.921634e-02 4.822325e-01
1.101083e+04 4.846571e-01 6.551762e-02 4.683111e-01
1.103438e+04 3.838206e-01 4.219242e-02 4.545553e-01
1.105794e+04 5.210837e-01 7.295104e-02 4.374922e-01
1.108149e+04 4.064398e-01 7.295104e-02 4.177165e-01
1.110505e+04 3.678480e-01 1.043747e-01 4.002812e-01
1.112860e+04 3.269599e-01 9.545711e-02 3.809401e-01
1.115216e+04 4.252440e-01 8.188734e-02 3.610200e-01
1.117571e+04 4.274652e-01 7.209045e-02 3.448260e-01
1.119927e+04 2.799929e-01 8.188734e-02 3.284763e-01
1.122282e+04 3.638169e-01 8.602001e-02 3.127107e-01
1.124638e+04 2.914205e-01 8.191449e-02 3.005192e-01
1.126994e+04 3.565545e-01 8.602001e-02 2.891278e-01
1.129349e+04 2.393595e-01 8.602001e-02 2.784338e-01
1.131705e+04 3.196400e-01 8.191449e-02 2.703409e-01
1.134060e+04 2.436483e-01 8.191449e-02 2.632331e-01
1.136416e+04 3.456218e-01 9.553358e-02 2.566032e-01
1.138771e+04 1.777546e-01 8.191449e-02 2.515162e-01
1.141127e+04 2.104383e-01 9.328549e-02 2.471962e-01
1.143482e+04 1.568943e-01 9.056275e-02 2.429772e-01
1.145838e+04 3.111129e-01 6.517706e-02 2.390288e-01
1.148193e+04 2.935787e-01 6.057378e-02 2.347674e-01
1.150549e+04 1.600880e-01 6.057378e-02 2.285562e-01
1.152905e+04 2.308854e-01 6.771665e-02 2.197285e-01
1.155260e+04 2.527219e-01 4.971720e-02 2.092493e-01
1.157616e+04 1.907064e-01 6.771665e-02 1.952047e-01
1.159971e+04 1.759853e-01 4.971720e-02 1.768401e-01
1.162327e+04 1.088145e-01 4.660520e-02 1.589767e-01
1.164682e+04 7.598212e-02 6.159524e-02 1.406379e-01
1.167038e+04 2.341894e-01 4.660520e-02 1.199784e-01
1.169393e+04 2.322146e-01 6.159524e-02 1.014042e-01
1.171749e+04 1.761360e-01 4.660520e-02 8.584694e-02
1.174104e+04 1.147064e-01 4.601792e-02 7.080350e-02
1.176460e+04 1.141271e-01 2.886823e-02 5.686811e-02
1.178816e+04 1.868610e-01 3.207960e-02 4.637181e-02
1.181171e+04 2.185730e-01 3.207960e-02 3.760674e-02
1.183527e+04 2.146492e-01 2.770235e-02 2.952780e-02
1.185882e+04 1.912879e-01 3.207960e-02 2.319713e-02
1.188238e+04 1.618001e-01 3.207960e-02 1.852494e-02
1.190593e+04 4.830269e-02 4.708793e-02 1.456625e-02
1.192949e+04 6.188137e-02 4.708793e-02 1.114657e-02
1.195304e+04 2.073474e-01 8.992530e-02 8.687779e-03
1.197660e+04 1.470033e-01 1.177871e-01 6.828916e-03
1.200015e+04 2.594582e-02 8.992530e-02 5.249399e-03
1.202371e+04 4.320539e-02 9.833611e-02 3.973869e-03
1.204727e+04 1.544161e-01 7.167294e-02 3.079122e-03
1.207082e+04 2.153274e-02 5.574309e-02 2.388599e-03
1.209438e+04 5.148670e-02 5.574309e-02 1.806201e-03
1.211793e+04 1.278765e-01 8.792496e-02 1.360424e-03
1.214149e+04 1.553135e-01 8.792496e-02 1.047396e-03
1.216504e+04 1.440208e-01 5.574309e-02 8.035372e-04
1.218860e+04 5.267194e-02 8.286465e-02 6.007746e-04
1.221215e+04 1.444435e-01 5.720465e-02 4.502331e-04
1.223571e+04 4.364963e-02 6.242432e-02 3.442025e-04
1.225926e+04 5.875644e-02 6.423304e-02 2.617101e-04
1.228282e+04 1.404515e-01 4.101181e-02 1.940868e-04
1.230638e+04 1.185564e-01 4.101181e-02 1.444991e-04
1.232993e+04 1.559512e-01 4.101181e-02 1.096633e-04
1.235349e+04 1.151058e-01 4.101181e-02 8.279108e-05
1.237704e+04 9.472161e-02 3.138446e-02 6.104657e-05
1.240060e+04 -2.728477e-03 4.101181e-02 4.508236e-05
1.242415e+04 4.955641e-02 4.881687e-02 3.394370e-05
1.244771e+04 2.707757e-02 7.848782e-02 2.548744e-05
1.247126e+04 2.089077e-02 7.945281e-02 1.872585e-05
1.249482e+04 1.647507e-01 5.577819e-02 1.369904e-05
1.251837e+04 4.682388e-02 6.002097e-02 1.022263e-05
1.254193e+04 1.446694e-01 6.002097e-02 7.640650e-06
1.256549e+04 9.054356e-02 6.002097e-02 5.606985e-06
1.258904e+04 1.213338e-01 5.931153e-02 4.063626e-06
1.261260e+04 6.095475e-02 5.931153e-02 2.999657e-06
1.263615e+04 7.407560e-02 5.931153e-02 2.231290e-06
1.265971e+04 5.762770e-02 5.760067e-02 1.638257e-06
1.268326e+04 -1.397903e-03 6.258932e-02 1.179825e-06
1.270682e+04 1.044733e-01 7.701869e-02 8.596013e-07
1.273037e+04 1.656665e-02 9.495470e-02 6.350685e-07
1.275393e+04 -3.429530e-02 9.495470e-02 4.665107e-07
1.277748e+04 9.036531e-02 9.495470e-02 3.359683e-07
1.280104e+04 -2.877678e-03 9.495470e-02 2.413040e-07
1.282459e+04 1.490792e-01 9.049468e-02 1.764080e-07
1.284815e+04 1.490836e-01 1.076960e-01 1.294025e-07
1.287171e+04 1.385811e-01 1.057412e-01 9.363532e-08
1.289526e+04 2.636720e-02 1.097061e-01 6.662579e-08
1.291882e+04 -5.303086e-02 9.445960e-02 4.797017e-08
1.294237e+04 1.210839e-01 9.445960e-02 3.498521e-08
1.296593e+04 1.259935e-02 1.097061e-01 2.540489e-08
1.298948e+04 1.134064e-01 9.445960e-02 1.812929e-08
1.301304e+04 1.217951e-01 1.022921e-01 1.284353e-08
1.303659e+04 1.008058e-01 1.022921e-01 9.247549e-09
1.306015e+04 -9.773520e-03 6.431333e-02 6.705458e-09
1.308370e+04 9.489043e-03 5.605959e-02 4.820885e-09
1.310726e+04 1.038296e-01 8.156107e-02 3.403442e-09
1.313082e+04 -1.880510e-03 8.156107e-02 2.405855e-09
1.315437e+04 -3.023357e-02 6.437295e-02 1.727283e-09
1.317793e+04 4.836093e-02 8.156107e-02 1.244790e-09
1.320148e+04 1.253644e-01 8.156107e-02 8.914095e-10
1.322504e+04 7.956051e-02 8.119676e-02 6.502696e-10
1.324859e+04 5.725690e-02 8.203074e-02 5.871864e-10
1.327215e+04 -3.442993e-02 8.200177e-02 9.258095e-10
1.329570e+04 7.202632e-02 8.200177e-02 2.321784e-09
1.331926e+04 1.499258e-01 8.200177e-02 9.386904e-09
1.334281e+04 -1.717810e-02 8.200177e-02 3.415238e-08
1.336637e+04 6.136113e-02 7.998868e-02 9.270550e-08
1.338993e+04 1.360599e-01 7.339501e-02 2.813374e-07
1.341348e+04 1.117409e-01 4.698703e-02 8.957973e-07
1.343704e+04 1.062685e-01 4.698703e-02 2.010032e-06
1.346059e+04 1.106404e-01 1.793773e-02 5.599648e-06
1.348415e+04 4.531999e-02 1.287993e-02 1.422018e-05
1.350770e+04 3.541833e-02 1.174870e-02 2.748905e-05
1.353126e+04 1.418504e-01 1.424816e-02 7.554647e-05
1.355481e+04 1.452790e-01 1.424816e-02 1.388122e-04
1.357837e+04 1.599490e-01 1.424816e-02 3.300651e-04
1.360192e+04 1.724609e-01 1.931890e-02 6.352389e-04
1.362548e+04 9.937900e-02 1.706268e-02 1.261010e-03
1.364904e+04 1.048944e-01 2.100220e-02 2.491021e-03
1.367259e+04 1.717308e-01 2.538669e-02 4.342961e-03
1.369615e+04 1.495452e-01 2.755547e-02 8.512724e-03
1.371970e+04 1.674265e-01 2.538669e-02 1.359521e-02
1.374326e+04 1.936723e-01 2.755547e-02 2.542324e-02
1.376681e+04 2.199954e-01 2.755547e-02 3.798931e-02
1.379037e+04 1.170740e-01 3.993983e-02 6.422993e-02
1.381392e+04 1.314269e-01 7.456509e-02 8.922957e-02
1.383748e+04 8.155487e-02 7.456509e-02 1.275256e-01
1.386103e+04 1.848627e-01 7.456509e-02 1.591621e-01
1.388459e+04 8.284333e-02 6.142249e-02 1.879179e-01
1.390815e+04 1.752227e-01 8.370391e-02 2.121100e-01
1.393170e+04 1.970802e-01 8.370391e-02 2.284822e-01
1.395526e+04 1.523077e-01 8.370391e-02 2.544402e-01
1.397881e+04 2.196143e-01 7.978302e-02 2.665122e-01
1.400237e+04 1.139959e-01 5.874943e-02 2.905396e-01
1.402592e+04 1.229375e-01 7.978302e-02 2.969801e-01
1.404948e+04 2.875707e-01 7.978302e-02 3.054792e-01
1.407303e+04 2.026714e-01 8.990627e-02 3.066437e-01
1.409659e+04 1.636281e-01 8.990627e-02 3.063413e-01
1.412014e+04 2.502473e-01 9.217103e-02 3.054663e-01
1.414370e+04 3.073801e-01 8.990627e-02 3.044556e-01
1.416726e+04 2.041283e-01 9.217103e-02 3.034453e-01
1.419081e+04 2.933482e-01 9.217103e-02 3.024390e-01
1.421437e+04 1.946014e-01 7.671490e-02 3.014372e-01
1.423792e+04 1.966300e-01 6.150739e-02 3.004409e-01
1.426148e+04 3.013264e-01 4.551681e-02 2.994490e-01
1.428503e+04 3.119443e-01 4.551681e-02 2.984625e-01
1.430859e+04 3.400650e-01 3.265804e-02 2.974805e-01
1.433214e+04 3.665591e-01 4.869433e-02 2.965036e-01
1.435570e+04 4.252730e-01 4.869433e-02 2.955312e-01
1.437925e+04 3.404664e-01 5.075513e-02 2.945640e-01
1.440281e+04 3.062838e-01 6.664790e-02 2.936011e-01
1.442637e+04 4.052160e-01 6.664790e-02 2.926429e-01
1.444992e+04 3.048313e-01 8.032513e-02 2.916898e-01
1.447348e+04 3.429454e-01 5.584994e-02 2.907409e-01
1.449703e+04 2.745119e-01 5.584994e-02 2.897971e-01
1.452059e+04 2.589097e-01 5.267965e-02 2.888575e-01
1.454414e+04 4.413881e-01 4.729498e-02 2.879228e-01
1.456770e+04 4.110733e-01 4.460495e-02 2.869922e-01
1.459125e+04 3.780911e-01 3.317891e-02 2.860666e-01
1.461481e+04 3.157057e-01 4.460495e-02 2.851450e-01
1.463836e+04 2.635929e-01 3.317891e-02 2.842283e-01
1.466192e+04 2.552404e-01 3.301007e-02 2.833156e-01
1.468548e+04 2.690204e-01 4.303792e-02 2.824072e-01
1.470903e+04 3.247903e-01 4.303792e-02 2.815037e-01
1.473259e+04 3.547830e-01 4.008260e-02 2.806040e-01
1.475614e+04 3.408221e-01 4.494304e-02 2.797091e-01
1.477970e+04 2.616882e-01 4.494304e-02 2.788180e-01
1.480325e+04 3.935932e-01 4.089665e-02 2.779316e-01
1.482681e+04 3.471184e-01 4.089665e-02 2.770491e-01
1.485036e+04 3.078532e-01 4.089665e-02 2.761711e-01
1.487392e+04 3.189954e-01 4.089665e-02 2.752968e-01
1.489747e+04 2.802401e-01 4.089665e-02 2.744272e-01
1.492103e+04 2.455352e-01 3.850624e-02 2.735612e-01
1.494459e+04 2.661169e-01 2.898003e-02 2.726994e-01
1.496814e+04 3.448563e-01 2.898003e-02 2.718419e-01
1.499170e+04 1.945305e-01 2.898003e-02 2.709882e-01
1.501525e+04 2.132311e-01 2.710562e-02 2.701388e-01
1.503881e+04 1.975819e-01 4.078164e-02 2.692931e-01
1.506236e+04 1.949799e-01 4.078164e-02 2.684516e-01
1.508592e+04 3.571578e-01 4.078164e-02 2.676138e-01
1.510947e+04 3.260288e-01 4.078164e-02 2.667802e-01
1.513303e+04 2.793567e-01 5.674754e-02 2.659502e-01
1.515658e+04 2.025549e-01 5.880441e-02 2.651244e-01
1.518014e+04 2.797773e-01 5.098588e-02 2.643021e-01
1.520370e+04 2.746146e-01 5.098588e-02 2.634836e-01
1.522725e+04 2.130267e-01 4.850290e-02 2.626692e-01
1.525081e+04 2.636228e-01 4.850290e-02 2.618583e-01
1.527436e+04 2.550195e-01 4.850290e-02 2.610514e-01
1.529792e+04 2.969547e-01 5.204818e-02 2.602480e-01
1.532147e+04 2.992590e-01 4.750832e-02 2.594485e-01
1.534503e+04 1.797503e-01 4.750832e-02 2.586525e-01
1.536858e+04 2.440612e-01 4.750832e-02 2.578604e-01
1.539214e+04 2.927599e-01 5.923718e-02 2.570716e-01
1.541569e+04 2.666645e-01 5.923718e-02 2.562868e-01
1.543925e+04 3.357844e-01 5.923718e-02 2.555052e-01
1.546281e+04 2.946744e-01 6.175795e-02 2.547272e-01
1.548636e+04 1.939718e-01 8.901726e-02 2.539530e-01
1.550992e+04 1.740610e-01 8.922101e-02 2.531821e-01
1.553347e+04 2.870488e-01 9.175012e-02 2.524150e-01
1.555703e+04 1.624848e-01 9.175012e-02 2.516510e-01
1.558058e+04 2.729553e-01 7.539890e-02 2.508909e-01
1.560414e+04 3.424639e-01 7.539890e-02 2.501338e-01
1.562769e+04 2.681304e-01 6.308249e-02 2.493805e-01
1.565125e+04 2.292872e-01 5.834382e-02 2.486303e-01
1.567480e+04 2.789285e-01 5.834382e-02 2.478838e-01
1.569836e+04 2.280916e-01 5.834382e-02 2.471403e-01
1.572192e+04 2.268633e-01 5.266849e-02 2.464001e-01
1.574547e+04 2.873317e-01 5.834382e-02 2.456636e-01
1.576903e+04 1.575582e-01 5.834382e-02 2.449301e-01
1.579258e+04 2.899903e-01 5.536163e-02 2.442002e-01
1.581614e+04 2.649123e-01 5.536163e-02 2.434732e-01
1.583969e+04 9.357581e-02 3.800467e-02 2.427497e-01
1.586325e+04 4.842817e-02 3.800467e-02 2.420292e-01
1.588680e+04 5.769716e-02 3.800467e-02 2.413122e-01
1.591036e+04 3.034146e-02 4.395789e-02 2.405981e-01
1.593391e+04 3.474123e-02 4.395789e-02 2.398874e-01
1.595747e+04 1.416095e-01 6.974111e-02 2.391795e-01
1.598103e+04 8.401446e-03 1.054667e-01 2.384748e-01
1.600458e+04 4.711438e-02 1.085676e-01 2.377736e-01
1.602814e+04 1.414499e-01 1.085676e-01 2.370751e-01
1.605169e+04 -9.000426e-03 1.092059e-01 2.363799e-01
1.607525e+04 1.709149e-01 1.019982e-01 2.356876e-01
1.609880e+04 7.066351e-02 1.019982e-01 2.349985e-01
1.612236e+04 3.029701e-02 7.460560e-02 2.343122e-01
1.614591e+04 1.383830e-01 4.321525e-02 2.336292e-01
1.616947e+04 1.171956e-01 4.321525e-02 2.329488e-01
1.619302e+04 1.592729e-01 4.008664e-02 2.322718e-01
1.621658e+04 1.231642e-01 4.098340e-02 2.315973e-01
1.624014e+04 1.292177e-01 3.380718e-02 2.309259e-01
1.626369e+04 1.729988e-02 3.695383e-02 2.302576e-01
1.628725e+04 -1.108699e-02 3.695383e-02 2.295919e-01
1.631080e+04 1.012038e-01 3.290622e-02 2.289294e-01
1.633436e+04 1.101036e-01 5.919265e-02 2.282695e-01
1.635791e+04 1.444935e-01 5.919265e-02 2.276127e-01
1.638147e+04 2.657179e-02 8.806240e-02 2.269585e-01
1.640502e+04 1.610766e-02 5.919265e-02 2.263073e-01
1.642858e+04 9.464242e-02 8.064852e-02 2.256587e-01
1.645213e+04 5.176324e-03 8.064852e-02 2.250131e-01
1.647569e+04 1.208229e-01 7.876258e-02 2.243701e-01
1.649925e+04 1.143073e-01 8.064852e-02 2.237297e-01
1.652280e+04 3.898502e-02 8.637848e-02 2.230924e-01
1.654636e+04 1.139219e-01 1.001017e-01 2.224576e-01
1.656991e+04 1.252177e-01 8.460107e-02 2.218257e-01
1.659347e+04 5.495331e-03 8.676330e-02 2.211962e-01
1.661702e+04 1.759426e-01 1.078746e-01 2.205697e-01
1.664058e+04 4.851247e-02 1.078746e-01 2.199456e-01
1.666413e+04 1.345877e-01 1.078746e-01 2.193243e-01
1.668769e+04 5.514043e-02 1.119149e-01 2.187055e-01
1.671124e+04 1.920694e-01 1.119149e-01 2.180894e-01
1.673480e+04 1.126394e-01 8.676330e-02 2.174752e-01
1.675836e+04 5.425925e-02 1.065136e-01 2.168615e-01
1.678191e+04 2.307722e-01 1.065045e-01 2.162367e-01
1.680547e+04 6.555731e-02 8.243212e-02 2.155399e-01
1.682902e+04 1.087668e-01 7.139824e-02 2.147575e-01
1.685258e+04 2.325206e-01 6.344611e-02 2.138195e-01
1.687613e+04 2.302338e-01 4.313132e-02 2.124232e-01
1.689969e+04 1.524041e-01 3.847748e-02 2.099567e-01
1.692324e+04 1.616881e-01 3.847748e-02 2.061562e-01
1.694680e+04 1.226139e-01 2.324119e-02 2.023873e-01
1.697035e+04 8.828277e-02 2.324119e-02 1.976115e-01
1.699391e+04 8.940953e-02 1.011203e-02 1.908971e-01
1.701747e+04 1.522163e-01 2.324119e-02 1.819089e-01
1.704102e+04 1.622235e-01 2.324119e-02 1.732496e-01
1.706458e+04 1.641004e-01 3.816750e-02 1.661846e-01
1.708813e+04 1.577443e-01 7.206697e-02 1.586402e-01
1.711169e+04 1.209786e-02 5.142101e-02 1.502787e-01
1.713524e+04 8.677671e-02 8.496601e-02 1.415860e-01
1.715880e+04 -5.594115e-03 9.423976e-02 1.349609e-01
1.718235e+04 9.098010e-02 9.423976e-02 1.298024e-01
1.720591e+04 6.756062e-02 8.496601e-02 1.248981e-01
1.722946e+04 1.549755e-01 9.423976e-02 1.201774e-01
1.725302e+04 4.579791e-02 7.129049e-02 1.158677e-01
1.727658e+04 -2.791500e-03 7.129049e-02 1.127526e-01
1.730013e+04 5.736255e-04 7.129049e-02 1.103510e-01
1.732369e+04 1.224576e-01 8.042582e-02 1.082306e-01
1.734724e+04 9.197929e-02 8.042582e-02 1.063445e-01
1.737080e+04 -1.286349e-02 1.188452e-01 1.047212e-01
1.739435e+04 -1.700740e-02 1.188452e-01 1.034961e-01
1.741791e+04 1.050012e-01 1.189106e-01 1.025297e-01
1.744146e+04 -2.237075e-02 1.189106e-01 1.017034e-01
1.746502e+04 1.257180e-01 1.303726e-01 1.009879e-01
1.748857e+04 1.008637e-01 1.303726e-01 1.003735e-01
1.751213e+04 -2.584567e-02 1.298152e-01 9.985814e-02
1.753568e+04 -2.642822e-02 1.105520e-01 9.941703e-02
1.755924e+04 1.554606e-01 6.186628e-02 9.902459e-02
1.758280e+04 3.451531e-02 6.186628e-02 9.866948e-02
1.760635e+04 3.531803e-02 3.925036e-02 9.834370e-02
1.762991e+04 1.252780e-01 6.422658e-02 9.803995e-02
1.765346e+04 1.533433e-01 5.538267e-02 9.775282e-02
1.767702e+04 1.608039e-01 5.538267e-02 9.747746e-02
1.770057e+04 1.139894e-01 5.538267e-02 9.721031e-02
1.772413e+04 3.827577e-02 4.762311e-02 9.694822e-02
1.774768e+04 -2.056590e-02 5.538267e-02 9.668982e-02
1.777124e+04 1.178734e-01 7.053096e-02 9.643674e-02
1.779479e+04 7.383500e-02 8.124842e-02 9.618462e-02
1.781835e+04 4.714757e-02 9.044162e-02 9.592546e-02
1.784191e+04 1.465764e-01 9.839649e-02 9.563374e-02
1.786546e+04 -9.452630e-03 9.420488e-02 9.520980e-02
1.788902e+04 6.983525e-02 9.420488e-02 9.457225e-02
1.791257e+04 -2.341669e-02 9.420488e-02 9.382050e-02
1.793613e+04 7.104707e-02 9.123398e-02 9.271373e-02
1.795968e+04 -1.542015e-02 8.688522e-02 9.083968e-02
1.798324e+04 -1.148845e-02 6.570049e-02 8.764289e-02
1.800679e+04 -2.524282e-02 5.676642e-02 8.280650e-02
1.803035e+04 6.234139e-02 5.676642e-02 7.864791e-02
1.805390e+04 7.334129e-02 2.758600e-02 7.459496e-02
1.807746e+04 3.446853e-02 5.676642e-02 6.956383e-02
1.810102e+04 1.038918e-01 8.229991e-02 6.319651e-02
1.812457e+04 -1.990617e-02 1.007233e-01 5.562970e-02
1.814813e+04 -2.878248e-02 1.292253e-01 4.838328e-02
1.817168e+04 9.984777e-02 1.323174e-01 4.359304e-02
1.819524e+04 -2.288359e-02 1.463772e-01 3.917619e-02
1.821879e+04 1.277370e-01 1.649943e-01 3.438409e-02
1.824235e+04 -6.792621e-02 1.649943e-01 2.926338e-02
1.826590e+04 1.181690e-01 1.649943e-01 2.413040e-02
1.828946e+04 -7.262435e-02 1.835894e-01 2.016993e-02
1.831301e+04 9.152268e-02 1.835894e-01 1.764295e-02
1.833657e+04 1.338467e-02 1.340552e-01 1.535913e-02
1.836013e+04 1.009878e-01 9.693023e-02 1.304070e-02
1.838368e+04 -8.829547e-02 9.393259e-02 1.074666e-02
1.840724e+04 3.301103e-03 8.733430e-02 8.601998e-03
1.843079e+04 8.230981e-02 8.733430e-02 7.067042e-03
1.845435e+04 -1.101207e-02 6.533124e-02 6.085204e-03
1.847790e+04 6.177309e-03 4.371617e-02 5.217321e-03
1.850146e+04 1.540639e-02 4.371617e-02 4.366894e-03
1.852501e+04 -3.022045e-02 4.371617e-02 3.553100e-03
1.854857e+04 7.552151e-03 4.371617e-02 2.813253e-03
1.857212e+04 2.072591e-03 5.026838e-02 2.275760e-03
1.859568e+04 6.861052e-02 5.026838e-02 1.938433e-03
1.861924e+04 -9.936261e-02 6.122952e-02 1.650387e-03
1.864279e+04 -4.909005e-02 6.122952e-02 1.375213e-03
1.866635e+04 8.567632e-02 6.731868e-02 1.115466e-03
1.868990e+04 7.375587e-02 5.879272e-02 8.816045e-04
1.871346e+04 -8.353552e-03 5.439548e-02 6.998347e-04
1.873701e+04 3.120277e-02 4.877826e-02 5.889756e-04
1.876057e+04 -3.068637e-02 4.403200e-02 4.996973e-04
1.878412e+04 -4.443993e-02 5.134113e-02 4.166373e-04
1.880768e+04 9.060369e-03 5.134113e-02 3.387581e-04
1.883123e+04 -1.462401e-02 5.134113e-02 2.685792e-04
1.885479e+04 2.982162e-02 5.134113e-02 2.096000e-04
1.887835e+04 -7.297782e-02 5.134113e-02 1.729341e-04
1.890190e+04 1.064809e-01 4.603147e-02 1.461214e-04
1.892546e+04 1.107870e-01 5.247680e-02 1.222073e-04
1.894901e+04 5.512012e-02 5.191340e-02 9.996660e-05
1.897257e+04 2.465000e-02 5.191340e-02 7.978780e-05
1.899612e+04 -1.872081e-02 5.191340e-02 6.223572e-05
1.901968e+04 8.407562e-02 5.191340e-02 4.953829e-05
1.904323e+04 6.020579e-02 3.870581e-02 4.140944e-05
1.906679e+04 -4.227411e-02 4.541473e-02 3.472747e-05
1.909034e+04 1.092155e-01 3.683325e-02 2.864030e-05
1.911390e+04 9.308450e-02 3.380265e-02 2.308418e-05
1.913746e+04 1.200840e-01 4.233079e-02 1.818222e-05
1.916101e+04 7.681495e-02 3.380265e-02 1.407474e-05
1.918457e+04 5.590109e-02 3.380265e-02 1.143311e-05
1.920812e+04 1.841366e-02 3.380265e-02 9.555454e-06
1.923168e+04 1.228577e-01 4.233079e-02 7.942385e-06
1.925523e+04 1.110718e-01 5.682385e-02 6.479248e-06
1.927879e+04 -5.166126e-02 5.682385e-02 5.169082e-06
1.930234e+04 -6.017780e-02 8.315302e-02 4.036171e-06
1.932590e+04 1.074035e-02 8.315302e-02 3.128508e-06
1.934945e+04 9.845721e-02 8.315302e-02 2.556113e-06
1.937301e+04 1.347006e-01 8.315302e-02 2.127472e-06
1.939657e+04 -3.177234e-02 8.315302e-02 1.755758e-06
1.942012e+04 5.786930e-02 6.786324e-02 1.422067e-06
1.944368e+04 1.612020e-02 6.230944e-02 1.127477e-06
1.946723e+04 1.348238e-01 6.230944e-02 8.759287e-07
1.949079e+04 1.101635e-01 3.838353e-02 6.783082e-07
1.951434e+04 1.092560e-01 3.838353e-02 5.528701e-07
1.953790e+04 3.213439e-02 4.092671e-02 4.580022e-07
1.956145e+04 1.816514e-02 2.942596e-02 3.762964e-07
1.958501e+04 -1.331187e-02 3.441013e-02 3.036477e-07
1.960856e+04 -5.991270e-02 3.441013e-02 2.401360e-07
1.963212e+04 9.856215e-02 3.441013e-02 1.862106e-07
1.965568e+04 8.500336e-02 4.016422e-02 1.433247e-07
1.967923e+04 1.191722e-01 4.054688e-02 1.158331e-07
1.970279e+04 1.153615e-01 3.620379e-02 9.548616e-08
1.972634e+04 2.664247e-02 3.620379e-02 7.827868e-08
1.974990e+04 6.909683e-02 3.946082e-02 6.313649e-08
1.977345e+04 1.039957e-01 4.342124e-02 4.996046e-08
1.979701e+04 8.471525e-02 5.608083e-02 3.878925e-08
1.982056e+04 -3.600140e-02 5.608083e-02 2.965474e-08
1.984412e+04 4.381023e-03 7.092109e-02 2.357004e-08
1.986767e+04 -6.015271e-02 7.729677e-02 1.929956e-08
1.989123e+04 1.042414e-01 7.729677e-02 1.580572e-08
1.991479e+04 3.347557e-02 7.092109e-02 1.277518e-08
1.993834e+04 -4.322135e-02 7.092109e-02 1.014474e-08
1.996190e+04 4.419968e-02 7.729677e-02 7.908718e-09
1.998545e+04 3.079088e-02 6.731547e-02 6.060728e-09
2.000901e+04 -2.686424e-02 5.883280e-02 4.685936e-09
2.003256e+04 -8.144727e-02 5.678934e-02 3.787235e-09
2.005612e+04 2.930852e-02 5.678934e-02 3.095305e-09
2.007967e+04 2.410014e-03 5.882749e-02 2.510912e-09
2.010323e+04 5.616674e-02 5.678934e-02 2.005672e-09
2.012678e+04 9.090359e-03 5.839436e-02 1.574487e-09
2.015034e+04 7.854057e-02 5.839436e-02 1.214860e-09
2.017390e+04 2.089558e-02 5.839436e-02 9.234268e-10
2.019745e+04 2.511176e-02 5.720282e-02 7.256531e-10
2.022101e+04 9.066484e-02 6.457775e-02 5.880510e-10
2.024456e+04 -1.559360e-03 5.720282e-02 4.781169e-10
2.026812e+04 -5.304294e-02 4.096756e-02 3.847062e-10
2.029167e+04 -7.167950e-02 6.134807e-02 3.047944e-10
2.031523e+04 7.600137e-02 4.096756e-02 2.374539e-10
2.033878e+04 4.932917e-02 2.772899e-02 1.820587e-10
2.036234e+04 5.844714e-02 2.772899e-02 1.381464e-10
2.038589e+04 -4.163835e-02 3.809511e-02 1.090406e-10
2.040945e+04 -5.881925e-02 3.568044e-02 8.815756e-11
2.043301e+04 -8.504697e-02 3.544746e-02 7.131959e-11
2.045656e+04 -1.970075e-02 4.581357e-02 5.708929e-11
2.048012e+04 2.630291e-02 4.581357e-02 4.501219e-11
2.050367e+04 -1.509418e-02 4.581357e-02 3.493314e-11
2.052723e+04 -7.910367e-03 5.484882e-02 2.669686e-11
2.055078e+04 8.972556e-02 5.484882e-02 2.020287e-11
2.057434e+04 -1.658587e-02 5.684409e-02 1.587219e-11
2.059789e+04 2.126229e-02 5.838867e-02 1.277507e-11
2.062145e+04 7.989635e-02 5.838867e-02 1.029792e-11
2.064500e+04 7.175660e-03 5.838867e-02 8.222814e-12
2.066856e+04 5.698580e-02 5.838867e-02 6.473540e-12
2.069212e+04 1.097426e-01 6.885330e-02 5.019726e-12
2.071567e+04 1.318753e-01 6.577257e-02 3.836040e-12
2.073923e+04 -2.391277e-02 5.376336e-02 2.892738e-12
2.076278e+04 1.352926e-01 7.209318e-02 2.243022e-12
2.078634e+04 5.051378e-02 9.442878e-02 1.792080e-12
2.080989e+04 5.854816e-03 9.442878e-02 1.440482e-12
2.083345e+04 4.814851e-02 7.748617e-02 1.149825e-12
2.085700e+04 1.544433e-01 7.316527e-02 9.065019e-13
2.088056e+04 5.907581e-02 5.645622e-02 7.044405e-13
2.090411e+04 2.841793e-02 5.521639e-02 5.397441e-13
2.092767e+04 9.146320e-02 4.954629e-02 4.080078e-13
2.095123e+04 1.492757e-02 3.256953e-02 3.095195e-13
2.097478e+04 -1.654900e-02 2.231170e-02 2.440106e-13
2.099834e+04 -4.641787e-03 2.274084e-02 1.952184e-13
2.102189e+04 -3.504630e-03 2.274084e-02 1.559474e-13
2.104545e+04 2.570676e-03 2.274084e-02 1.233704e-13
2.106900e+04 1.259506e-03 2.409573e-02 9.633106e-14
2.109256e+04 1.029730e-01 6.427772e-02 7.419960e-14
2.111611e+04 1.247796e-02 6.462310e-02 5.639761e-14
2.113967e+04 4.653933e-02 9.385902e-02 4.233637e-14
2.116322e+04 1.527874e-01 9.385902e-02 3.247426e-14
2.118678e+04 6.422309e-02 6.462310e-02 2.566859e-14
2.121034e+04 9.894337e-02 3.605385e-02 2.048627e-14
2.123389e+04 -4.103150e-03 3.506054e-02 1.627170e-14
2.125745e+04 -3.643158e-03 2.930019e-02 1.279399e-14
2.128100e+04 -3.580955e-02 2.407512e-02 9.928872e-15
2.130456e+04 -1.207857e-02 2.214497e-02 7.597792e-15
2.132811e+04 7.970168e-03 2.214497e-02 5.752658e-15
2.135167e+04 -1.422812e-02 2.407512e-02 4.301269e-15
2.137522e+04 -3.333850e-02 2.407512e-02 3.315043e-15
2.139878e+04 -2.819244e-02 2.557317e-02 2.598944e-15
2.142233e+04 3.859553e-02 2.984435e-02 2.062799e-15
2.144589e+04 -1.353409e-02 3.485866e-02 1.646616e-15
2.146945e+04 1.681254e-02 4.627683e-02 1.290931e-15
2.149300e+04 4.340141e-02 4.842908e-02 9.953531e-16
2.151656e+04 7.955632e-02 4.842908e-02 7.594864e-16
2.154011e+04 -5.453163e-02 8.108760e-02 5.829436e-16
2.156367e+04 8.720267e-02 8.108760e-02 4.362528e-16
2.158722e+04 4.694181e-02 1.302697e-01 3.192211e-16
2.161078e+04 -6.749203e-02 1.302697e-01 2.606117e-16
2.163433e+04 8.566632e-02 1.127471e-01 2.022570e-16
2.165789e+04 8.991951e-02 7.386721e-02 1.585706e-16
2.168144e+04 -8.724495e-02 9.823898e-02 1.150737e-16
2.170500e+04 -4.929058e-02 6.537050e-02 8.611802e-17
2.172856e+04 5.136858e-02 3.451401e-02 7.160947e-17
2.175211e+04 3.457469e-02 3.451401e-02 5.716360e-17
2.177567e+04 -5.218137e-02 2.658739e-02 4.277998e-17
2.179922e+04 -5.225782e-02 2.658739e-02 2.845840e-17
2.182278e+04 -2.436815e-02 2.187320e-02 2.839698e-17
2.184633e+04 -5.471961e-03 2.658739e-02 2.833579e-17
2.186989e+04 1.736041e-02 2.658739e-02 1.413739e-17
2.189344e+04 -3.642180e-02 3.501258e-02 1.410699e-17
2.191700e+04 -2.161157e-02 4.821327e-02 0.000000e+00
2.194055e+04 3.146169e-02 4.821327e-02 0.000000e+00
2.196411e+04 -1.146098e-01 5.601131e-02 0.000000e+00
2.198767e+04 -7.570429e-02 4.821327e-02 0.000000e+00
2.201122e+04 1.217945e-02 7.007903e-02 0.000000e+00
2.203478e+04 4.425212e-02 7.751575e-02 0.000000e+00
2.205833e+04 -3.636775e-02 5.564999e-02 0.000000e+00
2.208189e+04 -3.306800e-02 6.608706e-02 0.000000e+00
2.210544e+04 -1.188438e-01 4.764229e-02 0.000000e+00
2.212900e+04 -5.158315e-02 4.174426e-02 0.000000e+00
2.215255e+04 -3.532963e-02 4.174426e-02 0.000000e+00
2.217611e+04 -9.414644e-02 6.267150e-02 0.000000e+00
2.219966e+04 -8.957935e-02 4.174426e-02 0.000000e+00
2.222322e+04 -6.875863e-02 2.438177e-02 0.000000e+00
2.224677e+04 -1.409887e-01 3.394416e-02 0.000000e+00
2.227033e+04 -8.024408e-02 3.394416e-02 0.000000e+00
2.229389e+04 -9.988662e-02 5.030361e-02 0.000000e+00
2.231744e+04 -7.419306e-02 5.030361e-02 0.000000e+00
2.234100e+04 -1.132564e-01 3.394416e-02 0.000000e+00
2.236455e+04 4.338031e-02 3.394416e-02 0.000000e+00
2.238811e+04 -1.352296e-02 5.030361e-02 0.000000e+00
2.241166e+04 6.062706e-03 6.074655e-02 0.000000e+00
2.243522e+04 3.056018e-02 6.074655e-02 0.000000e+00
2.245877e+04 -2.842566e-02 4.687926e-02 0.000000e+00
2.248233e+04 -1.116616e-01 4.766145e-02 0.000000e+00
2.250588e+04 -2.255598e-02 6.020230e-02 0.000000e+00
2.252944e+04 -1.354066e-02 6.020230e-02 0.000000e+00
2.255300e+04 1.898989e-02 4.825321e-02 0.000000e+00
2.257655e+04 -3.940559e-02 4.825321e-02 0.000000e+00
2.260011e+04 -9.586092e-02 3.571236e-02 0.000000e+00
2.262366e+04 -6.026129e-02 3.888115e-02 0.000000e+00
2.264722e+04 -4.003950e-02 4.981325e-02 0.000000e+00
2.267077e+04 2.088801e-02 4.981325e-02 0.000000e+00
2.269433e+04 1.022073e-02 5.215747e-02 0.000000e+00
2.271788e+04 -2.835507e-02 5.215747e-02 0.000000e+00
2.274144e+04 9.892244e-02 5.215747e-02 0.000000e+00
2.276499e+04 2.254718e-02 3.453907e-02 0.000000e+00
2.278855e+04 -5.138961e-02 3.453907e-02 0.000000e+00
2.281211e+04 -7.870565e-02 2.490546e-02 0.000000e+00
2.283566e+04 -6.893915e-02 2.109570e-02 0.000000e+00
2.285922e+04 -5.346146e-02 2.102514e-02 0.000000e+00
2.288277e+04 -7.365876e-02 2.102514e-02 0.000000e+00
2.290633e+04 -7.162365e-02 2.102514e-02 0.000000e+00
2.292988e+04 -5.157567e-02 2.110341e-02 0.000000e+00
2.295344e+04 -7.163836e-02 2.135428e-02 0.000000e+00
2.297699e+04 7.532163e-02 5.853941e-02 0.000000e+00
2.300055e+04 -8.570309e-02 1.089322e-01 0.000000e+00
2.302410e+04 5.434065e-03 1.089322e-01 0.000000e+00
2.304766e+04 -1.510722e-02 1.242949e-01 0.000000e+00
2.307122e+04 1.015708e-01 1.089322e-01 0.000000e+00
2.309477e+04 -7.021556e-02 7.893187e-02 0.000000e+00
2.311833e+04 -1.077060e-02 8.918605e-02 0.000000e+00
2.314188e+04 1.096748e-01 8.918605e-02 0.000000e+00
2.316544e+04 9.682811e-02 8.393686e-02 0.000000e+00
2.318899e+04 8.892676e-02 5.908840e-02 0.000000e+00
2.321255e+04 -2.177279e-02 6.639719e-02 0.000000e+00
2.323610e+04 -3.804154e-02 3.645637e-02 0.000000e+00
2.325966e+04 6.264388e-02 5.772388e-02 0.000000e+00
2.328321e+04 1.159247e-01 6.826377e-02 0.000000e+00
2.330677e+04 4.253641e-02 6.826377e-02 0.000000e+00
2.333033e+04 4.690005e-02 6.826377e-02 0.000000e+00
2.335388e+04 -9.941737e-03 5.772388e-02 0.000000e+00
2.337744e+04 8.944596e-02 4.489787e-02 0.000000e+00
2.340099e+04 -2.555895e-02 4.212676e-02 0.000000e+00
2.342455e+04 3.253080e-03 4.212676e-02 0.000000e+00
2.344810e+04 2.508945e-02 4.212676e-02 0.000000e+00
2.347166e+04 4.300917e-02 4.212676e-02 0.000000e+00
2.349521e+04 -8.546032e-03 4.212676e-02 0.000000e+00
2.351877e+04 -3.230661e-02 5.874210e-02 0.000000e+00
2.354232e+04 6.883841e-02 6.443169e-02 0.000000e+00
2.356588e+04 6.428895e-03 6.443169e-02 0.000000e+00
2.358944e+04 6.693881e-02 6.801390e-02 0.000000e+00
2.361299e+04 -1.644791e-02 6.801390e-02 0.000000e+00
2.363655e+04 5.089595e-02 6.443169e-02 0.000000e+00
2.366010e+04 6.188474e-02 6.172560e-02 0.000000e+00
2.368366e+04 -3.713072e-02 6.530781e-02 0.000000e+00
2.370721e+04 2.011626e-02 6.530781e-02 0.000000e+00
2.373077e+04 -2.003084e-02 8.126960e-02 0.000000e+00
2.375432e+04 -3.394795e-02 1.031637e-01 0.000000e+00
2.377788e+04 1.516599e-01 9.500544e-02 0.000000e+00
2.380143e+04 1.842947e-02 9.500544e-02 0.000000e+00
2.382499e+04 1.162244e-01 9.500544e-02 0.000000e+00
2.384855e+04 5.010699e-03 9.500544e-02 0.000000e+00
2.387210e+04 8.846221e-02 6.200516e-02 0.000000e+00
2.389566e+04 1.022863e-01 3.227476e-02 0.000000e+00
2.391921e+04 6.744760e-02 3.227476e-02 0.000000e+00
2.394277e+04 4.071419e-02 2.533590e-02 0.000000e+00
2.396632e+04 2.691369e-02 2.445999e-02 0.000000e+00
2.398988e+04 1.250003e-02 2.715024e-02 0.000000e+00
2.401343e+04 1.268131e-01 2.715024e-02 0.000000e+00
2.403699e+04 1.052120e-01 3.393417e-02 0.000000e+00
2.406054e+04 1.302744e-01 8.071743e-02 0.000000e+00
2.408410e+04 -3.969068e-02 8.071743e-02 0.000000e+00
2.410766e+04 7.980425e-02 8.343365e-02 0.000000e+00
2.413121e+04 1.194797e-01 8.400810e-02 0.000000e+00
2.415477e+04 -3.376088e-02 8.400810e-02 0.000000e+00
2.417832e+04 -6.175506e-02 8.400810e-02 0.000000e+00
2.420188e+04 6.572796e-02 8.391822e-02 0.000000e+00
2.422543e+04 2.495660e-02 1.293706e-01 0.000000e+00
2.424899e+04 5.607685e-02 8.391822e-02 0.000000e+00
2.427254e+04 -1.118305e-01 1.250935e-01 0.000000e+00
2.429610e+04 7.492944e-03 8.391822e-02 0.000000e+00
2.431965e+04 -1.230106e-01 1.250935e-01 0.000000e+00
2.434321e+04 -1.423804e-01 1.309539e-01 0.000000e+00
