# wavelength_A  residual_flux  error  best_fit_model
4.900478e+03 5.327097e-01 1.635956e-01 5.186293e-01
4.901302e+03 3.073790e-01 2.362269e-01 5.180342e-01
4.902125e+03 2.206106e-01 1.635956e-01 5.174368e-01
4.933482e+03 7.085641e-01 1.552043e-01 4.942423e-01
4.934308e+03 6.801721e-01 1.230842e-01 4.936746e-01
4.935135e+03 4.470645e-01 7.484464e-02 4.931115e-01
4.935962e+03 4.124736e-01 6.037952e-02 4.925541e-01
4.936789e+03 5.605189e-01 5.637757e-02 4.920026e-01
4.937616e+03 5.089810e-01 6.037952e-02 4.914572e-01
4.938443e+03 5.649973e-01 6.037952e-02 4.909182e-01
4.939270e+03 5.058247e-01 1.086191e-01 4.903859e-01
4.940097e+03 4.946357e-01 7.403986e-02 4.898606e-01
4.940925e+03 1.306503e-01 7.403986e-02 4.893418e-01
4.941752e+03 7.531924e-01 1.137464e-01 4.888312e-01
4.942580e+03 4.597605e-01 1.137464e-01 4.883277e-01
4.943407e+03 5.418373e-01 1.170701e-01 4.878328e-01
4.944235e+03 5.050286e-01 1.170701e-01 4.873457e-01
4.945063e+03 3.701060e-01 1.170701e-01 4.868672e-01
4.945890e+03 4.406098e-01 8.936951e-02 4.863980e-01
4.946718e+03 3.521921e-01 8.330319e-02 4.859375e-01
4.947546e+03 1.948487e-01 8.890739e-02 4.854863e-01
4.948374e+03 5.254447e-01 7.951732e-02 4.850449e-01
4.949202e+03 5.100331e-01 6.709414e-02 4.846134e-01
4.950030e+03 4.724851e-01 6.709414e-02 4.841922e-01
4.950859e+03 5.536803e-01 6.709414e-02 4.837810e-01
4.951687e+03 6.004838e-01 6.709414e-02 4.833811e-01
4.952515e+03 6.388991e-01 6.709414e-02 4.829923e-01
4.953344e+03 5.129050e-01 1.086041e-01 4.826144e-01
4.954172e+03 3.454104e-01 9.308819e-02 4.822487e-01
4.955001e+03 4.977635e-01 1.148642e-01 4.818944e-01
4.955830e+03 4.879251e-01 1.148642e-01 4.815523e-01
4.956658e+03 3.588032e-01 1.165037e-01 4.812231e-01
4.957487e+03 4.103979e-01 1.065324e-01 4.809063e-01
4.958316e+03 3.172601e-01 1.065324e-01 4.806025e-01
4.959145e+03 3.927968e-01 1.065324e-01 4.803121e-01
4.959974e+03 5.869631e-01 1.065324e-01 4.800352e-01
4.960803e+03 4.768640e-01 1.265123e-01 4.797722e-01
4.961633e+03 3.456095e-01 1.265123e-01 4.795231e-01
4.962462e+03 2.559122e-01 1.367669e-01 4.792886e-01
4.963291e+03 5.428894e-01 1.367669e-01 4.790689e-01
4.964121e+03 3.017774e-01 1.367669e-01 4.788638e-01
4.964950e+03 3.620021e-01 1.149835e-01 4.786742e-01
4.965780e+03 2.323399e-01 1.706679e-01 4.784998e-01
4.966610e+03 4.884227e-01 1.706679e-01 4.783413e-01
4.967440e+03 4.877545e-01 1.383542e-01 4.781987e-01
4.968269e+03 4.134546e-01 1.383542e-01 4.780725e-01
4.969099e+03 2.175254e-01 1.100574e-01 4.779627e-01
4.969929e+03 5.417804e-01 1.100574e-01 4.778696e-01
4.970759e+03 4.074976e-01 1.457396e-01 4.777936e-01
4.971589e+03 3.318186e-01 1.457396e-01 4.777348e-01
4.972420e+03 3.111608e-01 1.417302e-01 4.776935e-01
4.973250e+03 5.110425e-01 1.100574e-01 4.776699e-01
4.974080e+03 3.672909e-01 6.571549e-02 4.776644e-01
4.974911e+03 3.176013e-01 4.563863e-02 4.776770e-01
4.975741e+03 4.537040e-01 4.964057e-02 4.777080e-01
4.976572e+03 4.488274e-01 4.964057e-02 4.777578e-01
4.977403e+03 4.862048e-01 4.964057e-02 4.778264e-01
4.978233e+03 5.020856e-01 5.795745e-02 4.779140e-01
4.979064e+03 4.570735e-01 4.318678e-02 4.780210e-01
4.979895e+03 5.226296e-01 5.510319e-02 4.781476e-01
4.980726e+03 3.371786e-01 6.587191e-02 4.782938e-01
4.981557e+03 5.026827e-01 1.092674e-01 4.784599e-01
4.982388e+03 5.340462e-01 1.092674e-01 4.786462e-01
4.983219e+03 5.941571e-01 1.064131e-01 4.788527e-01
4.984051e+03 4.512586e-01 8.436141e-02 4.790799e-01
4.984882e+03 6.139477e-01 7.640223e-02 4.793275e-01
5.058327e+03 6.093697e-01 7.640223e-02 5.837547e-01
5.059165e+03 5.973134e-01 9.050970e-02 5.856778e-01
5.060003e+03 6.981428e-01 9.050970e-02 5.876085e-01
5.060841e+03 6.124975e-01 7.460624e-02 5.895465e-01
5.061679e+03 5.587559e-01 7.460624e-02 5.914913e-01
5.062517e+03 6.457803e-01 9.050970e-02 5.934428e-01
5.063355e+03 4.694283e-01 7.460624e-02 5.954003e-01
5.064193e+03 5.261129e-01 7.532913e-02 5.973637e-01
5.065032e+03 5.651964e-01 1.156617e-01 5.993348e-01
5.065870e+03 4.279990e-01 1.097220e-01 6.013086e-01
5.066708e+03 4.086634e-01 6.938951e-02 6.032870e-01
5.067547e+03 6.743714e-01 9.295410e-02 6.052721e-01
5.068385e+03 5.407425e-01 9.295410e-02 6.072588e-01
5.069224e+03 4.650494e-01 6.284625e-02 6.092514e-01
5.070063e+03 4.567322e-01 9.295410e-02 6.112473e-01
5.070902e+03 5.583721e-01 7.867523e-02 6.132459e-01
5.071740e+03 6.025738e-01 7.867523e-02 6.152446e-01
5.072579e+03 5.830534e-01 7.983780e-02 6.172479e-01
5.073418e+03 7.300039e-01 9.411668e-02 6.192529e-01
5.074257e+03 6.556045e-01 1.067559e-01 6.212593e-01
5.075096e+03 5.298521e-01 1.352764e-01 6.232667e-01
5.075936e+03 6.077631e-01 1.420208e-01 6.252773e-01
5.076775e+03 7.504768e-01 1.420208e-01 6.272858e-01
5.077614e+03 5.721629e-01 1.420208e-01 6.292943e-01
5.078454e+03 7.044837e-01 1.420208e-01 6.313049e-01
5.079293e+03 5.658646e-01 1.474685e-01 6.333124e-01
5.080133e+03 7.384063e-01 1.631037e-01 6.353214e-01
5.080972e+03 6.737316e-01 1.420208e-01 6.373266e-01
5.081812e+03 5.707838e-01 1.266241e-01 6.393325e-01
5.082652e+03 7.634288e-01 1.083582e-01 6.413364e-01
5.083491e+03 5.640874e-01 8.961540e-02 6.433357e-01
5.084331e+03 6.321032e-01 1.083582e-01 6.453348e-01
5.085171e+03 5.775655e-01 9.033824e-02 6.473309e-01
5.086011e+03 4.737931e-01 9.033824e-02 6.493238e-01
5.086851e+03 4.490975e-01 9.033824e-02 6.513132e-01
5.087692e+03 5.582299e-01 9.033824e-02 6.533010e-01
5.088532e+03 6.268001e-01 9.033824e-02 6.552825e-01
5.089372e+03 4.678502e-01 9.314784e-02 6.572595e-01
5.090212e+03 6.489508e-01 1.161684e-01 6.592318e-01
5.091053e+03 7.045406e-01 1.063684e-01 6.612014e-01
5.091893e+03 6.896266e-01 1.063684e-01 6.631635e-01
5.092734e+03 4.972659e-01 9.657596e-02 6.651224e-01
5.093575e+03 6.097535e-01 7.654381e-02 6.670755e-01
5.094415e+03 5.193170e-01 6.476154e-02 6.690203e-01
5.095256e+03 5.412828e-01 8.128354e-02 6.709610e-01
5.096097e+03 6.350889e-01 5.123538e-02 6.728952e-01
5.096938e+03 6.682011e-01 5.123538e-02 6.748226e-01
5.097779e+03 6.961666e-01 3.201560e-02 6.767429e-01
5.098620e+03 7.607986e-01 5.123538e-02 6.786560e-01
5.099461e+03 7.394584e-01 3.201560e-02 6.805615e-01
5.100302e+03 6.579219e-01 4.853760e-02 6.824594e-01
5.101143e+03 6.723525e-01 7.117806e-02 6.843493e-01
5.101985e+03 8.115403e-01 5.924677e-02 6.862332e-01
5.102826e+03 7.847691e-01 8.003903e-02 6.881065e-01
5.103667e+03 7.136113e-01 8.155931e-02 6.899713e-01
5.104509e+03 7.980481e-01 8.351187e-02 6.918295e-01
5.105351e+03 7.561780e-01 7.655131e-02 6.936787e-01
5.106192e+03 5.161465e-01 7.655131e-02 6.955165e-01
5.107034e+03 6.872523e-01 8.173071e-02 6.973472e-01
5.107876e+03 7.621351e-01 8.173071e-02 6.991684e-01
5.108718e+03 7.125023e-01 1.023739e-01 7.009798e-01
5.109560e+03 7.285395e-01 1.023739e-01 7.027813e-01
5.110402e+03 8.095783e-01 1.023739e-01 7.045729e-01
5.111244e+03 6.953135e-01 1.423711e-01 7.063542e-01
5.112086e+03 8.869207e-01 1.423711e-01 7.081252e-01
5.112928e+03 6.914322e-01 1.423711e-01 7.098856e-01
5.113770e+03 8.487756e-01 1.423711e-01 7.116355e-01
5.114613e+03 6.865414e-01 1.169733e-01 7.133766e-01
5.115455e+03 7.359325e-01 6.573038e-02 7.151048e-01
5.116297e+03 7.530786e-01 6.573038e-02 7.168219e-01
5.117140e+03 7.498371e-01 6.573038e-02 7.185298e-01
5.117983e+03 6.840250e-01 6.573038e-02 7.202265e-01
5.118825e+03 6.244401e-01 6.573038e-02 7.219098e-01
5.119668e+03 7.146491e-01 8.178287e-02 7.235836e-01
5.120511e+03 1.005223e+00 1.464252e-01 7.252457e-01
5.121354e+03 7.421881e-01 1.464252e-01 7.268961e-01
5.122196e+03 8.002375e-01 1.614642e-01 7.285327e-01
5.123039e+03 9.893709e-01 2.159936e-01 7.301594e-01
5.123883e+03 7.540880e-01 1.614642e-01 7.317760e-01
5.124726e+03 7.794234e-01 1.550849e-01 7.333786e-01
5.125569e+03 8.983230e-01 1.550849e-01 7.349691e-01
5.126412e+03 6.753950e-01 1.116298e-01 7.365473e-01
5.127255e+03 6.547799e-01 1.116298e-01 7.381132e-01
5.128099e+03 8.317432e-01 1.550849e-01 7.396686e-01
5.128942e+03 8.233407e-01 1.420656e-01 7.412097e-01
5.129786e+03 9.174027e-01 9.527181e-02 7.427402e-01
5.130629e+03 7.022232e-01 9.527181e-02 7.442563e-01
5.131473e+03 8.966880e-01 9.527181e-02 7.457616e-01
5.132317e+03 8.089954e-01 9.527181e-02 7.472542e-01
5.133161e+03 8.767837e-01 9.874460e-02 7.487342e-01
5.134004e+03 8.741109e-01 8.149971e-02 7.501996e-01
5.134848e+03 7.720303e-01 8.149971e-02 7.516541e-01
5.135692e+03 8.067349e-01 8.831119e-02 7.530957e-01
5.136536e+03 9.074221e-01 7.875721e-02 7.545245e-01
5.137381e+03 9.430650e-01 1.062865e-01 7.559422e-01
5.138225e+03 8.225588e-01 1.081346e-01 7.573452e-01
5.139069e+03 9.480695e-01 1.081346e-01 7.587354e-01
5.139913e+03 8.985078e-01 8.133574e-02 7.601127e-01
5.140758e+03 7.277291e-01 9.027859e-02 7.614786e-01
5.141602e+03 8.333355e-01 9.027859e-02 7.628300e-01
5.142447e+03 8.198148e-01 9.027859e-02 7.641701e-01
5.143291e+03 8.248336e-01 1.080900e-01 7.654956e-01
5.144136e+03 8.914560e-01 8.765545e-02 7.668097e-01
5.144981e+03 7.813427e-01 8.765545e-02 7.681108e-01
5.145825e+03 1.028156e+00 1.104524e-01 7.693975e-01
5.146670e+03 9.275539e-01 1.104524e-01 7.706727e-01
5.147515e+03 8.682533e-01 1.305441e-01 7.719350e-01
5.148360e+03 7.293214e-01 1.255585e-01 7.731843e-01
5.149205e+03 8.908447e-01 1.138284e-01 7.744207e-01
5.150050e+03 8.764852e-01 1.339200e-01 7.756442e-01
5.150895e+03 7.185162e-01 1.339200e-01 7.768548e-01
5.151741e+03 7.151609e-01 1.337486e-01 7.780540e-01
5.152586e+03 5.986071e-01 1.202747e-01 7.792389e-01
5.153431e+03 9.089860e-01 1.202747e-01 7.804110e-01
5.154277e+03 9.646327e-01 9.134440e-02 7.815716e-01
5.183059e+03 8.260278e-01 9.179153e-02 8.137005e-01
5.183907e+03 9.389278e-01 8.219278e-02 8.144408e-01
5.184754e+03 8.775657e-01 6.477648e-02 8.151690e-01
5.185602e+03 8.718645e-01 8.219278e-02 8.158870e-01
5.186450e+03 9.340796e-01 8.219278e-02 8.165940e-01
5.187298e+03 8.394916e-01 6.477648e-02 8.172900e-01
5.188146e+03 8.605760e-01 4.366379e-02 8.179751e-01
5.188994e+03 1.023279e+00 8.219278e-02 8.186494e-01
5.189842e+03 8.388234e-01 1.348663e-01 8.193129e-01
5.190690e+03 8.471974e-01 1.819730e-01 8.199656e-01
5.191538e+03 8.664335e-01 1.950594e-01 8.206077e-01
5.192387e+03 1.054102e+00 2.103222e-01 8.212400e-01
5.193235e+03 8.260278e-01 2.103222e-01 8.218609e-01
5.194083e+03 1.039601e+00 2.103222e-01 8.224714e-01
5.194932e+03 6.760490e-01 2.103222e-01 8.230721e-01
5.195780e+03 9.011949e-01 1.965353e-01 8.236618e-01
5.196629e+03 9.937783e-01 1.394347e-01 8.242418e-01
5.197477e+03 9.968350e-01 1.033801e-01 8.248109e-01
5.198326e+03 1.006076e+00 1.033801e-01 8.253705e-01
5.199175e+03 8.447094e-01 6.237679e-02 8.259199e-01
5.200024e+03 9.493491e-01 5.449210e-02 8.264593e-01
5.200873e+03 9.757649e-01 9.549537e-02 8.269886e-01
5.201722e+03 8.277623e-01 1.324296e-01 8.275079e-01
5.202571e+03 8.167297e-01 1.324296e-01 8.280173e-01
5.203420e+03 8.942711e-01 1.182253e-01 8.285169e-01
5.204269e+03 7.369846e-01 1.182253e-01 8.290067e-01
5.205118e+03 9.508277e-01 1.230917e-01 8.294867e-01
5.205968e+03 7.717318e-01 1.230917e-01 8.299576e-01
5.206817e+03 7.350226e-01 1.223613e-01 8.304183e-01
5.207666e+03 8.111707e-01 8.411546e-02 8.308695e-01
5.208516e+03 9.875653e-01 7.611907e-02 8.313116e-01
5.209365e+03 9.901102e-01 6.956092e-02 8.317438e-01
5.210215e+03 9.210423e-01 6.956092e-02 8.321671e-01
5.211064e+03 8.367193e-01 6.956092e-02 8.325805e-01
5.211914e+03 9.003561e-01 6.956092e-02 8.329851e-01
5.212764e+03 8.441123e-01 8.040417e-02 8.333805e-01
5.213614e+03 8.346577e-01 7.755731e-02 8.337666e-01
5.214464e+03 6.361267e-01 1.057052e-01 8.341437e-01
5.215314e+03 8.944133e-01 1.743495e-01 8.345116e-01
5.216164e+03 6.998204e-01 2.060670e-01 8.348705e-01
5.217014e+03 7.360604e-01 2.060670e-01 8.352204e-01
5.217864e+03 8.740824e-01 1.743495e-01 8.355614e-01
5.218714e+03 6.369940e-01 1.166602e-01 8.358935e-01
5.221265e+03 9.192936e-01 9.712740e-02 8.368375e-01
5.222115e+03 9.810822e-01 1.251634e-01 8.371347e-01
5.222966e+03 8.965459e-01 1.249473e-01 8.374236e-01
5.226368e+03 8.661634e-01 1.124645e-01 8.384931e-01
5.227219e+03 7.654051e-01 9.712740e-02 8.387396e-01
5.228070e+03 9.594576e-01 1.033353e-01 8.389777e-01
5.231474e+03 8.218479e-01 1.124645e-01 8.398479e-01
5.232325e+03 7.080523e-01 1.124645e-01 8.400451e-01
5.233176e+03 7.703953e-01 1.101692e-01 8.402343e-01
5.234028e+03 8.667747e-01 8.935457e-02 8.404156e-01
5.234879e+03 7.454012e-01 7.924165e-02 8.405888e-01
5.235730e+03 6.990385e-01 7.151343e-02 8.407541e-01
5.236582e+03 7.731251e-01 6.760096e-02 8.409117e-01
5.237433e+03 7.182461e-01 6.760096e-02 8.410613e-01
5.238285e+03 7.953326e-01 6.760096e-02 8.412033e-01
5.239137e+03 7.767647e-01 7.470305e-02 8.413375e-01
5.239988e+03 7.739355e-01 7.627554e-02 8.414639e-01
5.240840e+03 8.576330e-01 8.427948e-02 8.415828e-01
5.241692e+03 6.845084e-01 7.974088e-02 8.416940e-01
5.242544e+03 7.529364e-01 8.751381e-02 8.417977e-01
5.243396e+03 6.052466e-01 9.334163e-02 8.418939e-01
5.244248e+03 9.093415e-01 9.311062e-02 8.419825e-01
5.245100e+03 8.885415e-01 9.311062e-02 8.420637e-01
5.245952e+03 8.052847e-01 1.268850e-01 8.421376e-01
5.246804e+03 8.996595e-01 9.311062e-02 8.422040e-01
5.247656e+03 9.619172e-01 7.815356e-02 8.422631e-01
5.248509e+03 6.076067e-01 9.311062e-02 8.423150e-01
5.249361e+03 8.338331e-01 1.649967e-01 8.423596e-01
5.250213e+03 7.679926e-01 2.341104e-01 8.423970e-01
5.251066e+03 7.524530e-01 2.341104e-01 8.424272e-01
5.251918e+03 9.728503e-01 1.541683e-01 8.424503e-01
5.252771e+03 6.219805e-01 7.315295e-02 8.424663e-01
5.269835e+03 9.721679e-01 9.734357e-02 8.413512e-01
5.270689e+03 8.984510e-01 9.743305e-02 8.412262e-01
5.271543e+03 8.383258e-01 7.737107e-02 8.410949e-01
5.272396e+03 8.908163e-01 7.737107e-02 8.409575e-01
5.273251e+03 7.788262e-01 7.737107e-02 8.408135e-01
5.274105e+03 8.527138e-01 7.024660e-02 8.406633e-01
5.274959e+03 9.111186e-01 6.934480e-02 8.405070e-01
5.275813e+03 7.973372e-01 6.934480e-02 8.403444e-01
5.276667e+03 8.917830e-01 6.934480e-02 8.401758e-01
5.277521e+03 8.760729e-01 8.012096e-02 8.400009e-01
5.278376e+03 8.893803e-01 1.044308e-01 8.398198e-01
5.279230e+03 8.681822e-01 7.551537e-02 8.396328e-01
5.280084e+03 7.634004e-01 8.093328e-02 8.394398e-01
5.280939e+03 9.104078e-01 1.232705e-01 8.392405e-01
5.281794e+03 7.300465e-01 1.232705e-01 8.390353e-01
5.282648e+03 7.796650e-01 1.232705e-01 8.388243e-01
5.283503e+03 6.492778e-01 1.137314e-01 8.386071e-01
5.284357e+03 8.513489e-01 8.861684e-02 8.383843e-01
5.285212e+03 8.826413e-01 8.861684e-02 8.381554e-01
5.286067e+03 7.960576e-01 9.733618e-02 8.379206e-01
5.286922e+03 8.442687e-01 9.733618e-02 8.376800e-01
5.287777e+03 7.617938e-01 8.861684e-02 8.374336e-01
5.288632e+03 8.609030e-01 8.861684e-02 8.371814e-01
5.289487e+03 7.387475e-01 6.850276e-02 8.369235e-01
5.290342e+03 8.860392e-01 9.518244e-02 8.366598e-01
5.291197e+03 8.824280e-01 1.042967e-01 8.363905e-01
5.292053e+03 8.862098e-01 1.107654e-01 8.361152e-01
5.292908e+03 8.771392e-01 7.672271e-02 8.358346e-01
5.293763e+03 7.656894e-01 7.672271e-02 8.355483e-01
5.294619e+03 8.655520e-01 8.719333e-02 8.352561e-01
5.295474e+03 6.491498e-01 8.719333e-02 8.349587e-01
5.296330e+03 6.956548e-01 8.719333e-02 8.346554e-01
5.297185e+03 8.148245e-01 6.806297e-02 8.343470e-01
5.298041e+03 7.483442e-01 6.806297e-02 8.340327e-01
5.298897e+03 7.818403e-01 6.806297e-02 8.337129e-01
5.299752e+03 7.283831e-01 7.994216e-02 8.333880e-01
5.300608e+03 7.917498e-01 6.806297e-02 8.330574e-01
5.301464e+03 6.337382e-01 7.532164e-02 8.327213e-01
5.302320e+03 8.319991e-01 8.720083e-02 8.323799e-01
5.303176e+03 7.459699e-01 1.099307e-01 8.320331e-01
5.316022e+03 7.410792e-01 1.099307e-01 8.262006e-01
5.316879e+03 8.214072e-01 8.720083e-02 8.257706e-01
5.317736e+03 9.590453e-01 8.272938e-02 8.253355e-01
5.318593e+03 8.353544e-01 8.272938e-02 8.248955e-01
5.319450e+03 7.578556e-01 8.272938e-02 8.244505e-01
5.324593e+03 7.829066e-01 7.172216e-02 8.216769e-01
5.325451e+03 7.235776e-01 5.806181e-02 8.211971e-01
5.326308e+03 8.216489e-01 5.806181e-02 8.207130e-01
5.327166e+03 8.730872e-01 5.806181e-02 8.202236e-01
5.328023e+03 8.581732e-01 7.125265e-02 8.197300e-01
5.328881e+03 8.558132e-01 6.711652e-02 8.192310e-01
5.329739e+03 7.563059e-01 3.680748e-02 8.187273e-01
5.330596e+03 8.329090e-01 2.679893e-02 8.182194e-01
5.331454e+03 9.652441e-01 5.710796e-02 8.177063e-01
5.332312e+03 9.670355e-01 8.052322e-02 8.171884e-01
5.333170e+03 9.858166e-01 5.710796e-02 8.166658e-01
5.334028e+03 9.534721e-01 5.645211e-02 8.161385e-01
5.334886e+03 1.030487e+00 5.645211e-02 8.156066e-01
5.335744e+03 8.538369e-01 7.986736e-02 8.150701e-01
5.336602e+03 8.299376e-01 1.329657e-01 8.145289e-01
5.337460e+03 9.052895e-01 1.351644e-01 8.139831e-01
5.338318e+03 6.593721e-01 1.351644e-01 8.134327e-01
5.339177e+03 9.408471e-01 1.226073e-01 8.128771e-01
5.340035e+03 7.579125e-01 1.226073e-01 8.123176e-01
5.340893e+03 8.391220e-01 1.422816e-01 8.117535e-01
5.341752e+03 8.738692e-01 1.048109e-01 8.111842e-01
5.342610e+03 7.211749e-01 6.092356e-02 8.106111e-01
5.343469e+03 6.861576e-01 6.092356e-02 8.100328e-01
5.344328e+03 8.049008e-01 8.059791e-02 8.094500e-01
5.345186e+03 8.374017e-01 1.241871e-01 8.088634e-01
5.346045e+03 8.137867e-01 1.241871e-01 8.082716e-01
5.346904e+03 6.395673e-01 1.324594e-01 8.076754e-01
5.347762e+03 8.689215e-01 1.321613e-01 8.070755e-01
5.348621e+03 7.507470e-01 1.321613e-01 8.064704e-01
5.349480e+03 6.167911e-01 1.493764e-01 8.058610e-01
5.350339e+03 8.194594e-01 1.493764e-01 8.052471e-01
5.351198e+03 7.694570e-01 1.321613e-01 8.046288e-01
5.352057e+03 8.430460e-01 1.087905e-01 8.040062e-01
5.352916e+03 9.940626e-01 8.574015e-02 8.033793e-01
5.353776e+03 7.406100e-01 8.574015e-02 8.027473e-01
5.354635e+03 7.945364e-01 1.263260e-01 8.021117e-01
5.355494e+03 7.689736e-01 1.263260e-01 8.014717e-01
5.356354e+03 8.589552e-01 7.543344e-02 8.008268e-01
5.357213e+03 6.562869e-01 5.022189e-02 8.001783e-01
5.358072e+03 8.618555e-01 6.912124e-02 7.995256e-01
5.358932e+03 8.199712e-01 1.314011e-01 7.988678e-01
5.359791e+03 8.099906e-01 1.586396e-01 7.982066e-01
5.360651e+03 7.969960e-01 1.586396e-01 7.975404e-01
5.361511e+03 1.044534e+00 1.566275e-01 7.968700e-01
5.362370e+03 8.838355e-01 1.566275e-01 7.961962e-01
5.363230e+03 7.418896e-01 1.566275e-01 7.955175e-01
5.364090e+03 1.024118e+00 1.566275e-01 7.948346e-01
5.364950e+03 8.672581e-01 1.566275e-01 7.941476e-01
5.365810e+03 9.425532e-01 1.138730e-01 7.934564e-01
5.366670e+03 8.756321e-01 7.608930e-02 7.927612e-01
5.367530e+03 8.988491e-01 7.608930e-02 7.920618e-01
5.368390e+03 6.521212e-01 7.608930e-02 7.913585e-01
5.369250e+03 6.140187e-01 9.574876e-02 7.906510e-01
5.370110e+03 6.838828e-01 1.211839e-01 7.899396e-01
5.370971e+03 9.020622e-01 1.211839e-01 7.892233e-01
5.371831e+03 7.283689e-01 1.211839e-01 7.885039e-01
5.372691e+03 8.411693e-01 1.211839e-01 7.877805e-01
5.373551e+03 7.227814e-01 1.211839e-01 7.870532e-01
5.374412e+03 8.134028e-01 1.066293e-01 7.863212e-01
5.375272e+03 6.363542e-01 7.556763e-02 7.855861e-01
5.376133e+03 6.633956e-01 5.403015e-02 7.848462e-01
5.376994e+03 6.959960e-01 5.403015e-02 7.841026e-01
5.377854e+03 7.315535e-01 5.403015e-02 7.833559e-01
5.378715e+03 7.850961e-01 4.460275e-02 7.826047e-01
5.379576e+03 7.355628e-01 4.460275e-02 7.818496e-01
5.380437e+03 6.596422e-01 5.403015e-02 7.810909e-01
5.381297e+03 7.662297e-01 6.786179e-02 7.803293e-01
5.382158e+03 7.448041e-01 6.576021e-02 7.795632e-01
5.383019e+03 7.644525e-01 8.369072e-02 7.787934e-01
5.383880e+03 8.481927e-01 6.267489e-02 7.780200e-01
5.384741e+03 6.943468e-01 3.688946e-02 7.772431e-01
5.385602e+03 7.288949e-01 6.267489e-02 7.764626e-01
5.386464e+03 8.199286e-01 6.267489e-02 7.756778e-01
5.387325e+03 7.841009e-01 4.519895e-02 7.748903e-01
5.388186e+03 7.510882e-01 4.519895e-02 7.740995e-01
5.389047e+03 9.176444e-01 7.413673e-02 7.733053e-01
5.389909e+03 9.263881e-01 1.120100e-01 7.725068e-01
5.390770e+03 8.759876e-01 1.125615e-01 7.717059e-01
5.391632e+03 1.039274e+00 1.609054e-01 7.709009e-01
5.392493e+03 8.364918e-01 1.060256e-01 7.700936e-01
5.420088e+03 6.503441e-01 1.171223e-01 7.429201e-01
5.420952e+03 7.017966e-01 1.171223e-01 7.420450e-01
5.421815e+03 8.454771e-01 1.055263e-01 7.411707e-01
5.422678e+03 7.868875e-01 7.755736e-02 7.402963e-01
5.423542e+03 8.666468e-01 7.755736e-02 7.394210e-01
5.424405e+03 8.366908e-01 8.865401e-02 7.385469e-01
5.425268e+03 7.151325e-01 7.930869e-02 7.376733e-01
5.426132e+03 7.833331e-01 7.930869e-02 7.367992e-01
5.426995e+03 6.939629e-01 7.324988e-02 7.359268e-01
5.427859e+03 8.499130e-01 8.434652e-02 7.350543e-01
5.428722e+03 7.783713e-01 7.526948e-02 7.341839e-01
5.429586e+03 7.244022e-01 8.461479e-02 7.333137e-01
5.430450e+03 7.218858e-01 9.706780e-02 7.324448e-01
5.431314e+03 8.607039e-01 7.526948e-02 7.315776e-01
5.432177e+03 7.886504e-01 6.605831e-02 7.307132e-01
5.433041e+03 6.409606e-01 7.901804e-02 7.298497e-01
5.433905e+03 7.540880e-01 7.901804e-02 7.289884e-01
5.434769e+03 7.636990e-01 7.249716e-02 7.281294e-01
5.435633e+03 7.570595e-01 7.597744e-02 7.272730e-01
5.436497e+03 6.783665e-01 6.835363e-02 7.264194e-01
5.437361e+03 6.951003e-01 6.835363e-02 7.255687e-01
5.438225e+03 7.613531e-01 7.587307e-02 7.247212e-01
5.439090e+03 8.704428e-01 7.587307e-02 7.238762e-01
5.439954e+03 8.062941e-01 7.587307e-02 7.230358e-01
5.440818e+03 8.886694e-01 8.432414e-02 7.221993e-01
5.441682e+03 8.101755e-01 1.003618e-01 7.213668e-01
5.442547e+03 7.996689e-01 1.136867e-01 7.205378e-01
5.443411e+03 6.427236e-01 1.527747e-01 7.197143e-01
5.444276e+03 8.980813e-01 1.883973e-01 7.188946e-01
5.445140e+03 6.238714e-01 1.883973e-01 7.180810e-01
5.446005e+03 4.893611e-01 1.883973e-01 7.172717e-01
5.446869e+03 8.926361e-01 1.870111e-01 7.164690e-01
5.447734e+03 6.901669e-01 1.513885e-01 7.156712e-01
5.448599e+03 8.444677e-01 1.182923e-01 7.148795e-01
5.449464e+03 7.533061e-01 9.891600e-02 7.140942e-01
5.450328e+03 7.888495e-01 6.813751e-02 7.133164e-01
5.451193e+03 7.654193e-01 6.813751e-02 7.125447e-01
5.452058e+03 7.866031e-01 6.813751e-02 7.117802e-01
5.452923e+03 6.890579e-01 3.898366e-02 7.110231e-01
5.453788e+03 7.278855e-01 3.263419e-02 7.102738e-01
5.454653e+03 6.241984e-01 4.954370e-02 7.095326e-01
5.455518e+03 7.418043e-01 6.194450e-02 7.087998e-01
5.456383e+03 7.468656e-01 4.954370e-02 7.080755e-01
5.457249e+03 7.329895e-01 4.935741e-02 7.073594e-01
5.458114e+03 7.886788e-01 4.935741e-02 7.066534e-01
5.458979e+03 7.261936e-01 3.001838e-02 7.059569e-01
5.459845e+03 7.449889e-01 3.001838e-02 7.052695e-01
5.460710e+03 7.834611e-01 3.688207e-02 7.045930e-01
5.461575e+03 6.863850e-01 3.688207e-02 7.039269e-01
5.462441e+03 6.944605e-01 3.688207e-02 7.032709e-01
5.463306e+03 7.075547e-01 4.681619e-02 7.026267e-01
5.464172e+03 6.756652e-01 6.068511e-02 7.019931e-01
5.465038e+03 7.460552e-01 5.443250e-02 7.013713e-01
5.465903e+03 7.968965e-01 6.181781e-02 7.007622e-01
5.466769e+03 6.895129e-01 7.093212e-02 7.001647e-01
5.467635e+03 7.544435e-01 7.093212e-02 6.995799e-01
5.468500e+03 8.074457e-01 6.181781e-02 6.990087e-01
5.469366e+03 6.535572e-01 8.962285e-02 6.984501e-01
5.470232e+03 7.596044e-01 8.962285e-02 6.979051e-01
5.471098e+03 7.500219e-01 1.252231e-01 6.973740e-01
5.471964e+03 7.494390e-01 1.503005e-01 6.968571e-01
5.472830e+03 8.822859e-01 1.252231e-01 6.963547e-01
5.473696e+03 6.717412e-01 1.180389e-01 6.958672e-01
5.474562e+03 8.270230e-01 1.180389e-01 6.953948e-01
5.475429e+03 6.434629e-01 1.449645e-01 6.949373e-01
5.476295e+03 7.358045e-01 1.567244e-01 6.944961e-01
5.477161e+03 7.222696e-01 1.556364e-01 6.940709e-01
5.478027e+03 6.416004e-01 1.237325e-01 6.936620e-01
5.478894e+03 7.853093e-01 9.948238e-02 6.932693e-01
5.479760e+03 5.644713e-01 9.336396e-02 6.928939e-01
5.480626e+03 7.176774e-01 1.228160e-01 6.925357e-01
5.481493e+03 7.194972e-01 1.470661e-01 6.921946e-01
5.482359e+03 8.169429e-01 1.228160e-01 6.918717e-01
5.483226e+03 7.703385e-01 1.228160e-01 6.915663e-01
5.484093e+03 6.334823e-01 1.228160e-01 6.912793e-01
5.484959e+03 7.773903e-01 1.228160e-01 6.910111e-01
5.485826e+03 7.121611e-01 1.207442e-01 6.907613e-01
5.486693e+03 5.429320e-01 1.207442e-01 6.905306e-01
5.487560e+03 6.982565e-01 9.867755e-02 6.903192e-01
5.488426e+03 7.917498e-01 8.319888e-02 6.901275e-01
5.489293e+03 8.217342e-01 9.867755e-02 6.899552e-01
5.490160e+03 7.574860e-01 8.268466e-02 6.898029e-01
5.491027e+03 8.522446e-01 6.150488e-02 6.896707e-01
5.491894e+03 9.053322e-01 6.150488e-02 6.895589e-01
5.492761e+03 6.704474e-01 8.334791e-02 6.894675e-01
5.493629e+03 6.533439e-01 1.161907e-01 6.893968e-01
5.494496e+03 6.782669e-01 1.015095e-01 6.893470e-01
5.495363e+03 8.249899e-01 1.434293e-01 6.893181e-01
5.496230e+03 6.537420e-01 1.357533e-01 6.893105e-01
5.497098e+03 7.806460e-01 1.357533e-01 6.893241e-01
5.497965e+03 8.473965e-01 1.357533e-01 6.893592e-01
5.498832e+03 6.686276e-01 1.357533e-01 6.894158e-01
5.499700e+03 8.007067e-01 1.357533e-01 6.894941e-01
5.500567e+03 7.499081e-01 1.276600e-01 6.895941e-01
5.501435e+03 6.995503e-01 1.276600e-01 6.897160e-01
5.502302e+03 8.478230e-01 1.276600e-01 6.898596e-01
5.503170e+03 5.680256e-01 9.787268e-02 6.900253e-01
5.504038e+03 6.794896e-01 9.787268e-02 6.902131e-01
5.504905e+03 6.201464e-01 1.299778e-01 6.904227e-01
5.505773e+03 7.566472e-01 1.296274e-01 6.906545e-01
5.506641e+03 6.813948e-01 1.177110e-01 6.909084e-01
5.507509e+03 7.231653e-01 9.944516e-02 6.911844e-01
5.508377e+03 5.181370e-01 1.304845e-01 6.914824e-01
5.509244e+03 6.539695e-01 1.304845e-01 6.918020e-01
5.510112e+03 7.670685e-01 1.304845e-01 6.921439e-01
5.510980e+03 6.904512e-01 1.354999e-01 6.925078e-01
5.511849e+03 8.903471e-01 1.235835e-01 6.928939e-01
5.512717e+03 5.364916e-01 9.944516e-02 6.933014e-01
5.513585e+03 5.955789e-01 7.400260e-02 6.937305e-01
5.514453e+03 7.182461e-01 6.651293e-02 6.941811e-01
5.515321e+03 7.132843e-01 6.651293e-02 6.946532e-01
5.516189e+03 6.509554e-01 6.364373e-02 6.951465e-01
5.517058e+03 5.863944e-01 6.651293e-02 6.956616e-01
5.517926e+03 6.440742e-01 6.651293e-02 6.961970e-01
5.518795e+03 8.436431e-01 6.651293e-02 6.967540e-01
5.519663e+03 8.352264e-01 6.407597e-02 6.973309e-01
5.520532e+03 6.635520e-01 1.125540e-01 6.979289e-01
5.521400e+03 8.283310e-01 1.686930e-01 6.985464e-01
5.522269e+03 8.798689e-01 1.686930e-01 6.991847e-01
5.523137e+03 8.903471e-01 1.763616e-01 6.998421e-01
5.524006e+03 7.333023e-01 1.686930e-01 7.005197e-01
5.524875e+03 9.681728e-01 1.328171e-01 7.012167e-01
5.525743e+03 7.901290e-01 1.408657e-01 7.019319e-01
5.526612e+03 5.699876e-01 1.408657e-01 7.026666e-01
5.527481e+03 6.264731e-01 1.090439e-01 7.034199e-01
5.528350e+03 7.228099e-01 8.042661e-02 7.041913e-01
5.529219e+03 6.111184e-01 5.953742e-02 7.049807e-01
5.530088e+03 6.682153e-01 5.427599e-02 7.057877e-01
5.530957e+03 6.909346e-01 4.411835e-02 7.066119e-01
5.531826e+03 7.074125e-01 4.411835e-02 7.074531e-01
5.532695e+03 6.603531e-01 4.150255e-02 7.083109e-01
5.533564e+03 6.680589e-01 3.135980e-02 7.091850e-01
5.534433e+03 6.309516e-01 4.150255e-02 7.100750e-01
5.535303e+03 6.856315e-01 4.519895e-02 7.109816e-01
5.536172e+03 6.435624e-01 4.519895e-02 7.119025e-01
5.537041e+03 6.392545e-01 5.144411e-02 7.128382e-01
5.537910e+03 6.834136e-01 5.599005e-02 7.137884e-01
5.538780e+03 5.967162e-01 5.084042e-02 7.147538e-01
5.539649e+03 6.506995e-01 5.599005e-02 7.157320e-01
5.540519e+03 7.288807e-01 5.599005e-02 7.167246e-01
5.541388e+03 7.817123e-01 6.000693e-02 7.177291e-01
5.542258e+03 7.531213e-01 5.599005e-02 7.187474e-01
5.543127e+03 6.761486e-01 4.689807e-02 7.197768e-01
5.543997e+03 6.995930e-01 4.689807e-02 7.208192e-01
5.544867e+03 7.600878e-01 5.091495e-02 7.218731e-01
5.545736e+03 7.234497e-01 7.044028e-02 7.229369e-01
5.546606e+03 7.229378e-01 5.300160e-02 7.240127e-01
5.547476e+03 6.246391e-01 5.300160e-02 7.250988e-01
5.548346e+03 7.880106e-01 4.049644e-02 7.261948e-01
5.549216e+03 7.141231e-01 5.568445e-02 7.273004e-01
5.550086e+03 7.547420e-01 7.312313e-02 7.284152e-01
5.550956e+03 7.721867e-01 7.312313e-02 7.295388e-01
5.551826e+03 7.385200e-01 5.568445e-02 7.306708e-01
5.552696e+03 6.729070e-01 3.893890e-02 7.318109e-01
5.553566e+03 8.136303e-01 5.204026e-02 7.329587e-01
5.554436e+03 7.175637e-01 8.474893e-02 7.341138e-01
5.555306e+03 7.177343e-01 8.474893e-02 7.352758e-01
5.556177e+03 7.268903e-01 7.644694e-02 7.364459e-01
5.557047e+03 6.001000e-01 4.849288e-02 7.376209e-01
5.557917e+03 7.579836e-01 4.145783e-02 7.388018e-01
5.558788e+03 8.077585e-01 4.849288e-02 7.399896e-01
5.559658e+03 7.650212e-01 6.267484e-02 7.411813e-01
5.560528e+03 7.286674e-01 4.988652e-02 7.423779e-01
5.561399e+03 7.012564e-01 4.619756e-02 7.435805e-01
5.562269e+03 5.709118e-01 4.619756e-02 7.447861e-01
5.563140e+03 6.407047e-01 4.285147e-02 7.459969e-01
5.564011e+03 6.861007e-01 5.274082e-02 7.472115e-01
5.564881e+03 6.620165e-01 5.274082e-02 7.484281e-01
5.565752e+03 7.172367e-01 5.274082e-02 7.496491e-01
5.566623e+03 7.195257e-01 4.072750e-02 7.508730e-01
5.567493e+03 8.621399e-01 4.587713e-02 7.520980e-01
5.568364e+03 8.298381e-01 4.587713e-02 7.533266e-01
5.569235e+03 6.580925e-01 3.132253e-02 7.545574e-01
5.570106e+03 6.796602e-01 5.496166e-02 7.557898e-01
5.570977e+03 7.522114e-01 5.496166e-02 7.570238e-01
5.571848e+03 7.405247e-01 9.344599e-02 7.582592e-01
5.572719e+03 7.130710e-01 9.344599e-02 7.594955e-01
5.573590e+03 8.187912e-01 9.344599e-02 7.607328e-01
5.574461e+03 4.883801e-01 9.235035e-02 7.619707e-01
5.575332e+03 6.281650e-01 1.286884e-01 7.632090e-01
5.576203e+03 9.924276e-01 1.286884e-01 7.644475e-01
5.577074e+03 9.473160e-01 1.102063e-01 7.656862e-01
5.577946e+03 1.017777e+00 6.058064e-02 7.669261e-01
5.578817e+03 7.485291e-01 4.194967e-02 7.681643e-01
5.579688e+03 7.466666e-01 4.194967e-02 7.694020e-01
5.580560e+03 7.815844e-01 5.523728e-02 7.706405e-01
5.581431e+03 7.803901e-01 5.321033e-02 7.718769e-01
5.582303e+03 7.982187e-01 5.321033e-02 7.731137e-01
5.583174e+03 9.632536e-01 6.997083e-02 7.743480e-01
5.584046e+03 6.555903e-01 6.997083e-02 7.755826e-01
5.584917e+03 5.889962e-01 6.997083e-02 7.768145e-01
5.585789e+03 6.773570e-01 8.138046e-02 7.780463e-01
5.586661e+03 6.104644e-01 6.997083e-02 7.792766e-01
5.587532e+03 6.752102e-01 6.884552e-02 7.805038e-01
5.588404e+03 7.063462e-01 6.900199e-02 7.817307e-01
5.589276e+03 8.339184e-01 6.637124e-02 7.829557e-01
5.590147e+03 7.720446e-01 6.637124e-02 7.841774e-01
5.591019e+03 7.528511e-01 6.830142e-02 7.853984e-01
5.591891e+03 8.212792e-01 6.830142e-02 7.866173e-01
5.592763e+03 7.975647e-01 5.269601e-02 7.878341e-01
5.593635e+03 1.013071e+00 3.269373e-02 7.890486e-01
5.594507e+03 7.740065e-01 4.262036e-02 7.902607e-01
5.595379e+03 7.353496e-01 4.262036e-02 7.914705e-01
5.596251e+03 7.335440e-01 4.671922e-02 7.926778e-01
5.597123e+03 7.418896e-01 4.262036e-02 7.938825e-01
5.597995e+03 7.845416e-01 4.262036e-02 7.950848e-01
5.598868e+03 8.310181e-01 2.868440e-02 7.962857e-01
5.599740e+03 6.654002e-01 4.671922e-02 7.974827e-01
5.600612e+03 6.585475e-01 5.190618e-02 7.986769e-01
5.601485e+03 7.798499e-01 6.896477e-02 7.998698e-01
5.602357e+03 7.677793e-01 8.416767e-02 8.010585e-01
5.603229e+03 6.215539e-01 8.416767e-02 8.022443e-01
5.604102e+03 6.741013e-01 1.063312e-01 8.034287e-01
5.604974e+03 7.531213e-01 8.416767e-02 8.046088e-01
5.605847e+03 8.346720e-01 8.416767e-02 8.057873e-01
5.606719e+03 6.417710e-01 7.400999e-02 8.069615e-01
5.607592e+03 9.177581e-01 8.416767e-02 8.081340e-01
5.608465e+03 8.867074e-01 9.979542e-02 8.093036e-01
5.609337e+03 8.245350e-01 8.963773e-02 8.104687e-01
5.610210e+03 8.197011e-01 8.963773e-02 8.116321e-01
5.611083e+03 7.108673e-01 8.963773e-02 8.127924e-01
5.611955e+03 8.776652e-01 8.963773e-02 8.139482e-01
5.612828e+03 8.715944e-01 8.808768e-02 8.151022e-01
5.613701e+03 6.522208e-01 1.223986e-01 8.162530e-01
5.614574e+03 7.768927e-01 1.480275e-01 8.174006e-01
5.615447e+03 7.387333e-01 9.638967e-02 8.185450e-01
5.616320e+03 7.979486e-01 9.638967e-02 8.196861e-01
5.617193e+03 9.556758e-01 5.843450e-02 8.208239e-01
5.618066e+03 7.949629e-01 4.995361e-02 8.219584e-01
5.618939e+03 8.379988e-01 5.843450e-02 8.230895e-01
5.619812e+03 8.329801e-01 5.739112e-02 8.242173e-01
5.620685e+03 7.807171e-01 5.739112e-02 8.253418e-01
5.621559e+03 7.977353e-01 5.739112e-02 8.264640e-01
5.622432e+03 7.209048e-01 5.739112e-02 8.275816e-01
5.623305e+03 7.781296e-01 7.026887e-02 8.286957e-01
5.624178e+03 6.900105e-01 8.646299e-02 8.298062e-01
5.625052e+03 8.089243e-01 1.027317e-01 8.309145e-01
5.625925e+03 8.065785e-01 1.143425e-01 8.320180e-01
5.626798e+03 9.168482e-01 1.143425e-01 8.331179e-01
5.627672e+03 8.089812e-01 1.143425e-01 8.342154e-01
5.628545e+03 6.410459e-01 1.143425e-01 8.353080e-01
5.629419e+03 8.437711e-01 1.226669e-01 8.363982e-01
5.630293e+03 8.647559e-01 1.528939e-01 8.374846e-01
5.631166e+03 8.777079e-01 1.528939e-01 8.385660e-01
5.632040e+03 7.016829e-01 1.030894e-01 8.396448e-01
5.632914e+03 5.779351e-01 5.643717e-02 8.407198e-01
5.633787e+03 8.509650e-01 6.845789e-02 8.417897e-01
5.634661e+03 8.857122e-01 1.007791e-01 8.428570e-01
5.635535e+03 8.127915e-01 6.845789e-02 8.439202e-01
5.636409e+03 8.132038e-01 5.826304e-02 8.449795e-01
5.637283e+03 8.708835e-01 5.826304e-02 8.460347e-01
5.638156e+03 7.515431e-01 5.826304e-02 8.470846e-01
5.639030e+03 8.050146e-01 5.826304e-02 8.481316e-01
5.639904e+03 8.056686e-01 5.826304e-02 8.491745e-01
5.640778e+03 8.943706e-01 4.577282e-02 8.502132e-01
5.641652e+03 8.898495e-01 4.577282e-02 8.512476e-01
5.642526e+03 7.162415e-01 6.423988e-02 8.522776e-01
5.643401e+03 7.500930e-01 1.374972e-01 8.533046e-01
5.644275e+03 7.573296e-01 1.745731e-01 8.543259e-01
5.645149e+03 9.655711e-01 1.830166e-01 8.553429e-01
5.646023e+03 7.900295e-01 1.755866e-01 8.563553e-01
5.646897e+03 1.046937e+00 1.755866e-01 8.573632e-01
5.647772e+03 8.875036e-01 1.755866e-01 8.583677e-01
5.648646e+03 6.574101e-01 1.663158e-01 8.593664e-01
5.649521e+03 8.152653e-01 1.400236e-01 8.603616e-01
5.650395e+03 9.245398e-01 1.137538e-01 8.613509e-01
5.651269e+03 8.578605e-01 1.008909e-01 8.623354e-01
5.652144e+03 7.501214e-01 1.008909e-01 8.633163e-01
5.653018e+03 8.348568e-01 1.008909e-01 8.642911e-01
5.653893e+03 8.728455e-01 7.936829e-02 8.652621e-01
5.654767e+03 8.971288e-01 1.008909e-01 8.662271e-01
5.655642e+03 7.284826e-01 1.128893e-01 8.671881e-01
5.656517e+03 9.046213e-01 1.525064e-01 8.681441e-01
5.657391e+03 8.803665e-01 1.525064e-01 8.690939e-01
5.658266e+03 6.948159e-01 1.525064e-01 8.700395e-01
5.659141e+03 8.254449e-01 1.366700e-01 8.709800e-01
5.660016e+03 9.857597e-01 1.366700e-01 8.719151e-01
5.660891e+03 8.641019e-01 1.366700e-01 8.728450e-01
5.661766e+03 8.516190e-01 1.329214e-01 8.737695e-01
5.662640e+03 7.215161e-01 1.284946e-01 8.746875e-01
5.663515e+03 8.753904e-01 1.284946e-01 8.756011e-01
5.664390e+03 8.564956e-01 9.960142e-02 8.765092e-01
5.665265e+03 9.799732e-01 9.960142e-02 8.774118e-01
5.666140e+03 1.046510e+00 4.478139e-02 8.783087e-01
5.667016e+03 8.357809e-01 4.478139e-02 8.792010e-01
5.667891e+03 8.361363e-01 8.257270e-02 8.800866e-01
5.668766e+03 8.242791e-01 7.354032e-02 8.809664e-01
5.669641e+03 8.338331e-01 8.635873e-02 8.818405e-01
5.670516e+03 9.248242e-01 5.956715e-02 8.827087e-01
5.671391e+03 6.449983e-01 8.635873e-02 8.835711e-01
5.672267e+03 7.187579e-01 8.635873e-02 8.844285e-01
5.673142e+03 9.798595e-01 8.635873e-02 8.852790e-01
5.674018e+03 1.019739e+00 9.272299e-02 8.861244e-01
5.674893e+03 9.166065e-01 7.006769e-02 8.869629e-01
5.675768e+03 9.156255e-01 8.546433e-02 8.877952e-01
5.676644e+03 8.557136e-01 5.277804e-02 8.886224e-01
5.677519e+03 9.907216e-01 8.546433e-02 8.894425e-01
5.678395e+03 1.013284e+00 5.277804e-02 8.902573e-01
5.679270e+03 8.267529e-01 5.277804e-02 8.910649e-01
5.680146e+03 7.859776e-01 3.500399e-02 8.918672e-01
5.681022e+03 9.031711e-01 3.387869e-02 8.926632e-01
5.681897e+03 8.771676e-01 4.162175e-02 8.934519e-01
5.682773e+03 8.642298e-01 3.532448e-02 8.942351e-01
5.683649e+03 8.842336e-01 3.532448e-02 8.950120e-01
5.684525e+03 8.456051e-01 3.532448e-02 8.957823e-01
5.685400e+03 9.072231e-01 5.234580e-02 8.965454e-01
5.686276e+03 9.359848e-01 6.439640e-02 8.973027e-01
5.687152e+03 8.140995e-01 7.611907e-02 8.980536e-01
5.688028e+03 9.105926e-01 8.103020e-02 8.987978e-01
5.688904e+03 9.718267e-01 8.103020e-02 8.995355e-01
5.689780e+03 8.180945e-01 9.439984e-02 9.002665e-01
5.690656e+03 9.016925e-01 8.103020e-02 9.009909e-01
5.691532e+03 9.726797e-01 8.103020e-02 9.017086e-01
5.692408e+03 9.451550e-01 9.782052e-02 9.024196e-01
5.693284e+03 8.092656e-01 8.103020e-02 9.031239e-01
5.694160e+03 8.513916e-01 9.121021e-02 9.038214e-01
5.695037e+03 9.544105e-01 9.644906e-02 9.045129e-01
5.695913e+03 8.469131e-01 1.052506e-01 9.051969e-01
5.696789e+03 7.774329e-01 1.052506e-01 9.058740e-01
5.697665e+03 1.049126e+00 1.052506e-01 9.065443e-01
5.698542e+03 9.681444e-01 1.005185e-01 9.072085e-01
5.699418e+03 8.703717e-01 9.171699e-02 9.078651e-01
5.700294e+03 1.025199e+00 9.171699e-02 9.085148e-01
5.701171e+03 9.312077e-01 9.102366e-02 9.091583e-01
5.702047e+03 8.715518e-01 9.784306e-02 9.097942e-01
5.702924e+03 9.398661e-01 8.875066e-02 9.104239e-01
5.703800e+03 1.010441e+00 8.875066e-02 9.110458e-01
5.704677e+03 9.177724e-01 7.716963e-02 9.116616e-01
5.705553e+03 1.060969e+00 7.716963e-02 9.122696e-01
5.706430e+03 9.843237e-01 7.716963e-02 9.128714e-01
5.707307e+03 8.852573e-01 8.875066e-02 9.134661e-01
5.708183e+03 9.400367e-01 6.888997e-02 9.140532e-01
5.709060e+03 8.876884e-01 6.888997e-02 9.146340e-01
5.709937e+03 8.855701e-01 7.358519e-02 9.152077e-01
5.710814e+03 7.683623e-01 7.358519e-02 9.157743e-01
5.711690e+03 7.310844e-01 7.231086e-02 9.163333e-01
5.712567e+03 8.166870e-01 6.441129e-02 9.168859e-01
5.713444e+03 9.502448e-01 6.441129e-02 9.174314e-01
5.714321e+03 8.406290e-01 6.441129e-02 9.179699e-01
5.715198e+03 8.666610e-01 6.432930e-02 9.185013e-01
5.716075e+03 8.436858e-01 3.565240e-02 9.190257e-01
5.716952e+03 8.065643e-01 3.565240e-02 9.195429e-01
5.717829e+03 9.243692e-01 3.565240e-02 9.200532e-01
5.718706e+03 8.934749e-01 4.970767e-02 9.205563e-01
5.719583e+03 9.076354e-01 5.454426e-02 9.210524e-01
5.720460e+03 8.019721e-01 5.454426e-02 9.215415e-01
5.721338e+03 8.876316e-01 5.454426e-02 9.220240e-01
5.722215e+03 9.453398e-01 7.515023e-02 9.224989e-01
5.723092e+03 9.916883e-01 7.515023e-02 9.229667e-01
5.723969e+03 9.510552e-01 5.789790e-02 9.234275e-01
5.724847e+03 1.043084e+00 5.194339e-02 9.238818e-01
5.725724e+03 9.297434e-01 4.559386e-02 9.243284e-01
5.726601e+03 8.769970e-01 4.894750e-02 9.247681e-01
5.727479e+03 8.810916e-01 7.588801e-02 9.252012e-01
5.728356e+03 8.834943e-01 3.715784e-02 9.256268e-01
5.729234e+03 9.016357e-01 3.715784e-02 9.260458e-01
5.730111e+03 8.002518e-01 6.265256e-02 9.264574e-01
5.730989e+03 9.113461e-01 1.113765e-01 9.268624e-01
5.731866e+03 9.052042e-01 1.246717e-01 9.272599e-01
5.732744e+03 1.031952e+00 1.246717e-01 9.276509e-01
5.733621e+03 8.681680e-01 1.393081e-01 9.280344e-01
5.734499e+03 1.007185e+00 1.393081e-01 9.284115e-01
5.735377e+03 8.417664e-01 1.393081e-01 9.287815e-01
5.736254e+03 7.589077e-01 1.163024e-01 9.291442e-01
5.737132e+03 9.645048e-01 8.612768e-02 9.295004e-01
5.738010e+03 8.830536e-01 8.612768e-02 9.298496e-01
5.738887e+03 9.207580e-01 8.612768e-02 9.301915e-01
5.739765e+03 8.407712e-01 8.462229e-02 9.305268e-01
5.740643e+03 8.592538e-01 6.365862e-02 9.308553e-01
5.741521e+03 1.060955e+00 4.149510e-02 9.311769e-01
5.742399e+03 8.787173e-01 6.212341e-02 9.314916e-01
5.743277e+03 8.947118e-01 6.212341e-02 9.317995e-01
5.744155e+03 9.361696e-01 6.482864e-02 9.321005e-01
5.745033e+03 9.736181e-01 4.616779e-02 9.323947e-01
5.745911e+03 8.965601e-01 4.616779e-02 9.326821e-01
5.746789e+03 9.845228e-01 5.925416e-02 9.329627e-01
5.747667e+03 9.379041e-01 5.925416e-02 9.332365e-01
5.748545e+03 9.571117e-01 7.520978e-02 9.335036e-01
5.749423e+03 1.023535e+00 7.485957e-02 9.337639e-01
5.750302e+03 7.682201e-01 7.249710e-02 9.340177e-01
5.751180e+03 8.003371e-01 7.772138e-02 9.342645e-01
5.752058e+03 1.028355e+00 9.974331e-02 9.345047e-01
5.752936e+03 9.519651e-01 1.239636e-01 9.347382e-01
5.753815e+03 1.023848e+00 9.974331e-02 9.349652e-01
5.754693e+03 8.494011e-01 9.974331e-02 9.351854e-01
5.755572e+03 9.632963e-01 9.974331e-02 9.353992e-01
5.756450e+03 8.407001e-01 1.239636e-01 9.356061e-01
5.757328e+03 8.604764e-01 1.400607e-01 9.358064e-01
5.758207e+03 9.062136e-01 1.239636e-01 9.360004e-01
5.759085e+03 7.595617e-01 1.191047e-01 9.361876e-01
5.759964e+03 1.021388e+00 9.246971e-02 9.363685e-01
5.760842e+03 8.767837e-01 1.306408e-01 9.365427e-01
5.761721e+03 9.814092e-01 1.526702e-01 9.367106e-01
5.762600e+03 9.584766e-01 1.306408e-01 9.368720e-01
5.763478e+03 1.030260e+00 1.306408e-01 9.370267e-01
5.764357e+03 8.582017e-01 9.246971e-02 9.371752e-01
5.765236e+03 1.028341e+00 5.134714e-02 9.373173e-01
5.766114e+03 1.054515e+00 5.839718e-02 9.374528e-01
5.766993e+03 9.068676e-01 8.829625e-02 9.375821e-01
5.767872e+03 9.254639e-01 8.652259e-02 9.377050e-01
5.768751e+03 9.456810e-01 3.448972e-02 9.378216e-01
5.769630e+03 9.853047e-01 3.577904e-02 9.379319e-01
5.770509e+03 8.564814e-01 3.577904e-02 9.380359e-01
5.771387e+03 9.819210e-01 5.199550e-02 9.381335e-01
5.772266e+03 9.816651e-01 8.807269e-02 9.382250e-01
5.773145e+03 9.530314e-01 1.225998e-01 9.383102e-01
5.774024e+03 1.012602e+00 1.225998e-01 9.383892e-01
5.774903e+03 9.041521e-01 9.428803e-02 9.384620e-01
5.775782e+03 1.076623e+00 9.966872e-02 9.385287e-01
5.776662e+03 8.255729e-01 9.966872e-02 9.385893e-01
5.777541e+03 9.668506e-01 9.966872e-02 9.386437e-01
5.778420e+03 8.954227e-01 8.026259e-02 9.386920e-01
5.779299e+03 8.137298e-01 7.248227e-02 9.387342e-01
5.780178e+03 8.422782e-01 7.248227e-02 9.387704e-01
5.781057e+03 8.207247e-01 5.000577e-02 9.388005e-01
5.781937e+03 8.875747e-01 5.000577e-02 9.388247e-01
5.782816e+03 8.622252e-01 5.000577e-02 9.388428e-01
5.783695e+03 1.013427e+00 4.832897e-02 9.388549e-01
5.784574e+03 1.002636e+00 6.052896e-02 9.388611e-01
5.785454e+03 8.596945e-01 5.353883e-02 9.388614e-01
5.786333e+03 9.847645e-01 5.548332e-02 9.388558e-01
5.787213e+03 1.002081e+00 5.548332e-02 9.388443e-01
5.788092e+03 1.050705e+00 6.757858e-02 9.388269e-01
5.788972e+03 9.971904e-01 6.757858e-02 9.388037e-01
5.789851e+03 1.049524e+00 6.757858e-02 9.387747e-01
5.790731e+03 9.741157e-01 6.757858e-02 9.387398e-01
5.791610e+03 1.080931e+00 8.541925e-02 9.386992e-01
5.792490e+03 8.153222e-01 1.018821e-01 9.386528e-01
5.793369e+03 1.057728e+00 1.374378e-01 9.386008e-01
5.794249e+03 1.087257e+00 1.374378e-01 9.385429e-01
5.795129e+03 9.997069e-01 1.273394e-01 9.384794e-01
5.796009e+03 7.352501e-01 9.217140e-02 9.384102e-01
5.796888e+03 8.906314e-01 8.287824e-02 9.383355e-01
5.797768e+03 9.611921e-01 8.287824e-02 9.382550e-01
5.798648e+03 9.962094e-01 7.634274e-02 9.381689e-01
5.799528e+03 9.079197e-01 7.634274e-02 9.380773e-01
5.800408e+03 9.571117e-01 6.897221e-02 9.379801e-01
5.801287e+03 9.706040e-01 5.777121e-02 9.378775e-01
5.802167e+03 1.045686e+00 7.134218e-02 9.377692e-01
5.803047e+03 8.953800e-01 7.134218e-02 9.376554e-01
5.803927e+03 9.564009e-01 8.372070e-02 9.375362e-01
5.804807e+03 9.375345e-01 9.111345e-02 9.374115e-01
5.805687e+03 1.026720e+00 9.111345e-02 9.372814e-01
5.806567e+03 9.420840e-01 9.111345e-02 9.371459e-01
5.807447e+03 7.938540e-01 1.244480e-01 9.370050e-01
5.808327e+03 9.528181e-01 1.244480e-01 9.368587e-01
5.809208e+03 1.007029e+00 1.220633e-01 9.367069e-01
5.810088e+03 8.093793e-01 1.257298e-01 9.365500e-01
5.810968e+03 9.770302e-01 1.313564e-01 9.363877e-01
5.811848e+03 9.412878e-01 7.644705e-02 9.362202e-01
5.812728e+03 9.274259e-01 1.359098e-01 9.360474e-01
5.813609e+03 8.357951e-01 1.346576e-01 9.358692e-01
5.814489e+03 1.096314e+00 1.307227e-01 9.356859e-01
5.815369e+03 1.085096e+00 1.307227e-01 9.354975e-01
5.816249e+03 9.171610e-01 1.358797e-01 9.353039e-01
5.817130e+03 1.082423e+00 1.693186e-01 9.351048e-01
5.818010e+03 9.246678e-01 1.693186e-01 9.349009e-01
5.818891e+03 9.289330e-01 1.693186e-01 9.346916e-01
5.819771e+03 1.030402e+00 1.429745e-01 9.344775e-01
5.820652e+03 8.196584e-01 1.159820e-01 9.342580e-01
5.821532e+03 9.856033e-01 1.088872e-01 9.340337e-01
5.822413e+03 8.705992e-01 1.088872e-01 9.338042e-01
5.823293e+03 8.898495e-01 7.033576e-02 9.335698e-01
5.824174e+03 9.961099e-01 2.988330e-02 9.333302e-01
5.825054e+03 1.007981e+00 3.023943e-02 9.330859e-01
5.825935e+03 9.800585e-01 2.940176e-02 9.328364e-01
5.826816e+03 9.620594e-01 2.886178e-02 9.325819e-01
5.827696e+03 9.500315e-01 2.850094e-02 9.323228e-01
5.828577e+03 9.488657e-01 2.846597e-02 9.320585e-01
5.829458e+03 1.018744e+00 4.606342e-02 9.317893e-01
5.830338e+03 1.004598e+00 8.419750e-02 9.315155e-01
5.831219e+03 8.957781e-01 9.997421e-02 9.312366e-01
5.832100e+03 9.865274e-01 1.083284e-01 9.309529e-01
5.832981e+03 8.798405e-01 1.083284e-01 9.306643e-01
5.833862e+03 9.798168e-01 1.083284e-01 9.303710e-01
5.834743e+03 1.101020e+00 9.997421e-02 9.300729e-01
5.835623e+03 9.513679e-01 9.513788e-02 9.297704e-01
5.836504e+03 9.272838e-01 5.535684e-02 9.294628e-01
5.837385e+03 9.156540e-01 5.535684e-02 9.291505e-01
5.838266e+03 9.394822e-01 4.754643e-02 9.288335e-01
5.839147e+03 1.021005e+00 4.754643e-02 9.285118e-01
5.840028e+03 1.044634e+00 7.765455e-02 9.281855e-01
5.840909e+03 9.020906e-01 8.938445e-02 9.278545e-01
5.841790e+03 9.687131e-01 8.938445e-02 9.275189e-01
5.842672e+03 1.098290e+00 8.157404e-02 9.271783e-01
5.843553e+03 9.389278e-01 8.157404e-02 9.268335e-01
5.844434e+03 1.027928e+00 8.157404e-02 9.264842e-01
5.903526e+03 1.026663e+00 1.145734e-01 8.935254e-01
5.904409e+03 9.805419e-01 9.714984e-02 8.929034e-01
5.905292e+03 1.043496e+00 7.965114e-02 8.922779e-01
5.906174e+03 8.947829e-01 5.717485e-02 8.916497e-01
5.907057e+03 1.038933e+00 8.349704e-02 8.910174e-01
5.907940e+03 9.425958e-01 8.883312e-02 8.903816e-01
5.908823e+03 9.763336e-01 9.592787e-02 8.897425e-01
5.909706e+03 9.463066e-01 8.376526e-02 8.891000e-01
5.910589e+03 7.700399e-01 5.601987e-02 8.884542e-01
5.911472e+03 8.431739e-01 5.601987e-02 8.878050e-01
5.912355e+03 9.298429e-01 8.376526e-02 8.871525e-01
5.913237e+03 9.117158e-01 8.376526e-02 8.864975e-01
5.914120e+03 9.294021e-01 8.376526e-02 8.858384e-01
5.915003e+03 8.225446e-01 8.717100e-02 8.851760e-01
5.915886e+03 1.031867e+00 9.775337e-02 8.845104e-01
5.916770e+03 1.013469e+00 1.232185e-01 8.838408e-01
5.917653e+03 8.519603e-01 1.232185e-01 8.831687e-01
5.918536e+03 9.315916e-01 1.089471e-01 8.824934e-01
5.919419e+03 1.059804e+00 8.166362e-02 8.818150e-01
5.920302e+03 8.715518e-01 8.166362e-02 8.811333e-01
5.921185e+03 9.477141e-01 7.061897e-02 8.804485e-01
5.922068e+03 1.006275e+00 6.092361e-02 8.797605e-01
5.930018e+03 1.004456e+00 5.880730e-02 8.734277e-01
5.930901e+03 9.467900e-01 5.880730e-02 8.727093e-01
5.931784e+03 9.972189e-01 5.880730e-02 8.719878e-01
5.932668e+03 9.426954e-01 5.880730e-02 8.712626e-01
5.933551e+03 9.186538e-01 5.880730e-02 8.705352e-01
5.934435e+03 1.078684e+00 5.501377e-02 8.698042e-01
5.935318e+03 8.423635e-01 1.124644e-01 8.690710e-01
5.936202e+03 1.058752e+00 1.558449e-01 8.683342e-01
5.937085e+03 1.067182e+00 1.840747e-01 8.675953e-01
5.937969e+03 1.040269e+00 1.721509e-01 8.668527e-01
5.938852e+03 8.201561e-01 1.458737e-01 8.661082e-01
5.939736e+03 9.574387e-01 9.290929e-02 8.653600e-01
5.940619e+03 7.663007e-01 1.176365e-01 8.646098e-01
5.941503e+03 8.056828e-01 1.176365e-01 8.638560e-01
5.942387e+03 9.466904e-01 7.975582e-02 8.630995e-01
5.943270e+03 9.067255e-01 7.975582e-02 8.623411e-01
5.944154e+03 9.938636e-01 6.874860e-02 8.615791e-01
5.945038e+03 9.288477e-01 6.874860e-02 8.608143e-01
5.945922e+03 8.838782e-01 6.874860e-02 8.600469e-01
5.946805e+03 9.748123e-01 6.874860e-02 8.592777e-01
5.947689e+03 9.086732e-01 6.874860e-02 8.585049e-01
5.948573e+03 9.053890e-01 7.731142e-02 8.577295e-01
5.949457e+03 8.240374e-01 9.030842e-02 8.569515e-01
5.950340e+03 8.630356e-01 8.718573e-02 8.561718e-01
5.951224e+03 1.003858e+00 8.718573e-02 8.553886e-01
5.952108e+03 8.819162e-01 8.718573e-02 8.546028e-01
5.952992e+03 1.015559e+00 7.598478e-02 8.538145e-01
5.953876e+03 9.305822e-01 8.866134e-02 8.530236e-01
5.954760e+03 9.293453e-01 7.556014e-02 8.522302e-01
5.955644e+03 9.792197e-01 7.556014e-02 8.514344e-01
5.956527e+03 9.192367e-01 5.758486e-02 8.506369e-01
5.957411e+03 8.350700e-01 3.429604e-02 8.498361e-01
5.958295e+03 8.289139e-01 5.758486e-02 8.490329e-01
5.959179e+03 9.262032e-01 6.329348e-02 8.482272e-01
5.960063e+03 9.399514e-01 6.869644e-02 8.474191e-01
5.960947e+03 9.243976e-01 6.869644e-02 8.466086e-01
5.962716e+03 8.513773e-01 7.512041e-02 8.449797e-01
5.963600e+03 9.121423e-01 6.869644e-02 8.441622e-01
5.964484e+03 9.824328e-01 7.512041e-02 8.433424e-01
5.965368e+03 7.705802e-01 7.512041e-02 8.425202e-01
5.966252e+03 8.578462e-01 8.258769e-02 8.416958e-01
5.967136e+03 8.911859e-01 9.652376e-02 8.408692e-01
5.968020e+03 1.032464e+00 1.248357e-01 8.400403e-01
5.968905e+03 1.025000e+00 1.248357e-01 8.392082e-01
5.969789e+03 8.332502e-01 1.250966e-01 8.383749e-01
5.970673e+03 9.301272e-01 1.250966e-01 8.375394e-01
5.971557e+03 6.743856e-01 1.018225e-01 8.367018e-01
5.972442e+03 8.235540e-01 1.292325e-01 8.358611e-01
5.973326e+03 9.209286e-01 1.292325e-01 8.350191e-01
5.974210e+03 9.308950e-01 1.292325e-01 8.341751e-01
5.975094e+03 9.877217e-01 9.153809e-02 8.333290e-01
5.975979e+03 8.194878e-01 9.153809e-02 8.324799e-01
5.976863e+03 9.786084e-01 9.481714e-02 8.316297e-01
5.977748e+03 9.718551e-01 9.481714e-02 8.307765e-01
5.978632e+03 8.945981e-01 9.481714e-02 8.299222e-01
5.979516e+03 9.982283e-01 9.481714e-02 8.290660e-01
5.980401e+03 7.764093e-01 9.481714e-02 8.282069e-01
5.981285e+03 8.256439e-01 9.621827e-02 8.273467e-01
5.982170e+03 8.053131e-01 9.621827e-02 8.264837e-01
5.983054e+03 9.901386e-01 6.770527e-02 8.256197e-01
5.983939e+03 8.663766e-01 6.770527e-02 8.247529e-01
5.984823e+03 9.463066e-01 9.088234e-02 8.238851e-01
5.985708e+03 9.464630e-01 9.088234e-02 8.230146e-01
5.986592e+03 9.262743e-01 9.088234e-02 8.221432e-01
5.987477e+03 6.928966e-01 5.836746e-02 8.212690e-01
5.988361e+03 7.863472e-01 6.545466e-02 8.203940e-01
5.989246e+03 7.624905e-01 1.339499e-01 8.195163e-01
5.990131e+03 9.245825e-01 1.424978e-01 8.186368e-01
5.991015e+03 8.931621e-01 1.065175e-01 8.177565e-01
5.991900e+03 7.109810e-01 1.030521e-01 8.168736e-01
5.992784e+03 9.298997e-01 1.030521e-01 8.159900e-01
5.993669e+03 8.201418e-01 7.919689e-02 8.151038e-01
5.994554e+03 7.333023e-01 1.030521e-01 8.142159e-01
5.995439e+03 7.459273e-01 1.030521e-01 8.133263e-01
5.996323e+03 7.863188e-01 7.919689e-02 8.124362e-01
5.997208e+03 7.220706e-01 7.919689e-02 8.115436e-01
5.998093e+03 9.838546e-01 9.726159e-02 8.106493e-01
5.998978e+03 8.625522e-01 1.439137e-01 8.097536e-01
5.999862e+03 8.848450e-01 1.552637e-01 8.088573e-01
6.000747e+03 7.299896e-01 1.615015e-01 8.079586e-01
6.001632e+03 9.183410e-01 1.552637e-01 8.070584e-01
6.002517e+03 7.650923e-01 1.552637e-01 8.061567e-01
6.003402e+03 6.221369e-01 1.552637e-01 8.052537e-01
6.004287e+03 8.281320e-01 1.178079e-01 8.043492e-01
6.005172e+03 8.059103e-01 8.339262e-02 8.034434e-01
6.006056e+03 8.301651e-01 8.339262e-02 8.025373e-01
6.006941e+03 8.658222e-01 5.920950e-02 8.016289e-01
6.007826e+03 7.840298e-01 5.920950e-02 8.007192e-01
6.008711e+03 8.613295e-01 8.339262e-02 7.998082e-01
6.009596e+03 7.795371e-01 8.339262e-02 7.988960e-01
6.010481e+03 7.807598e-01 8.339262e-02 7.979826e-01
6.011366e+03 6.635093e-01 7.062657e-02 7.970680e-01
6.012251e+03 8.695898e-01 5.818845e-02 7.961522e-01
6.013136e+03 9.270278e-01 5.818845e-02 7.952354e-01
6.014021e+03 8.734569e-01 5.818845e-02 7.943174e-01
6.014906e+03 8.576045e-01 5.732403e-02 7.933985e-01
6.015791e+03 8.056259e-01 5.732403e-02 7.924784e-01
6.016676e+03 7.298759e-01 5.532675e-02 7.915574e-01
6.017562e+03 7.771628e-01 5.203282e-02 7.906344e-01
6.018447e+03 8.329517e-01 5.203282e-02 7.897115e-01
6.019332e+03 7.336719e-01 5.403009e-02 7.887877e-01
6.020217e+03 7.564339e-01 5.403009e-02 7.878631e-01
6.021102e+03 7.120331e-01 5.388851e-02 7.869376e-01
6.021987e+03 7.590499e-01 5.005048e-02 7.860114e-01
6.022873e+03 6.640212e-01 5.005048e-02 7.850833e-01
6.023758e+03 7.238193e-01 5.675016e-02 7.841556e-01
6.024643e+03 7.548273e-01 5.675016e-02 7.832273e-01
6.025528e+03 7.063604e-01 5.675016e-02 7.822983e-01
6.026414e+03 9.090002e-01 5.344128e-02 7.813677e-01
6.027299e+03 6.888020e-01 4.695023e-02 7.804375e-01
6.028184e+03 7.299043e-01 4.885808e-02 7.795069e-01
6.029069e+03 7.138814e-01 5.148877e-02 7.785759e-01
6.029955e+03 7.673670e-01 5.148877e-02 7.776434e-01
6.030840e+03 7.265348e-01 5.148877e-02 7.767115e-01
6.031725e+03 6.817928e-01 5.148877e-02 7.757794e-01
6.032611e+03 7.413493e-01 5.925421e-02 7.748460e-01
6.033496e+03 8.236393e-01 5.467101e-02 7.739134e-01
6.034382e+03 6.663386e-01 7.435285e-02 7.729796e-01
6.035267e+03 6.926833e-01 8.522593e-02 7.720468e-01
6.036152e+03 8.100333e-01 8.522593e-02 7.711140e-01
6.037038e+03 7.808309e-01 5.739857e-02 7.701801e-01
6.037923e+03 6.220089e-01 4.335075e-02 7.692473e-01
6.038809e+03 7.023085e-01 7.013479e-02 7.683137e-01
6.039694e+03 7.236345e-01 4.335075e-02 7.673813e-01
6.040580e+03 7.374253e-01 6.687802e-02 7.664481e-01
6.041465e+03 7.909252e-01 6.687802e-02 7.655163e-01
6.042351e+03 5.758594e-01 6.687802e-02 7.645839e-01
6.043236e+03 5.844325e-01 7.494156e-02 7.636531e-01
6.044122e+03 6.585190e-01 7.494156e-02 7.627217e-01
6.045007e+03 7.567040e-01 7.764679e-02 7.617920e-01
6.045893e+03 6.782527e-01 7.491928e-02 7.608620e-01
6.046779e+03 7.471358e-01 7.764679e-02 7.599327e-01
6.047664e+03 7.572301e-01 7.491928e-02 7.590054e-01
6.048550e+03 6.831861e-01 7.491928e-02 7.580780e-01
6.049435e+03 7.144359e-01 5.248749e-02 7.571526e-01
6.050321e+03 6.380318e-01 3.230626e-02 7.562274e-01
6.051207e+03 6.076494e-01 5.342650e-02 7.553033e-01
6.052092e+03 6.937781e-01 5.342650e-02 7.543816e-01
6.052978e+03 6.774992e-01 6.840584e-02 7.534603e-01
6.053864e+03 6.809824e-01 6.840584e-02 7.525404e-01
6.054750e+03 7.516569e-01 7.719972e-02 7.516222e-01
6.055635e+03 6.750538e-01 6.840584e-02 7.507067e-01
6.056521e+03 7.348804e-01 7.719972e-02 7.497920e-01
6.057407e+03 6.554765e-01 7.719972e-02 7.488792e-01
6.058292e+03 7.636279e-01 7.151348e-02 7.479694e-01
6.059178e+03 7.286674e-01 7.298160e-02 7.470608e-01
6.060064e+03 6.225207e-01 9.726159e-02 7.461544e-01
6.060950e+03 6.355722e-01 8.100782e-02 7.452503e-01
6.061836e+03 5.871764e-01 4.709186e-02 7.443488e-01
6.062722e+03 7.301034e-01 4.709186e-02 7.434498e-01
6.063607e+03 5.093080e-01 4.709186e-02 7.425547e-01
6.064493e+03 5.507516e-01 6.177315e-02 7.416613e-01
6.065379e+03 5.906028e-01 6.309969e-02 7.407710e-01
6.066265e+03 5.814895e-01 6.309969e-02 7.398838e-01
6.067151e+03 4.937684e-01 6.309969e-02 7.389998e-01
6.068037e+03 5.632202e-01 6.309969e-02 7.381193e-01
6.068923e+03 6.141467e-01 7.457647e-02 7.372423e-01
6.069809e+03 6.869680e-01 7.457647e-02 7.363690e-01
6.070695e+03 5.712956e-01 6.672160e-02 7.354996e-01
6.071580e+03 5.311601e-01 6.848782e-02 7.346351e-01
6.072466e+03 7.710209e-01 6.848782e-02 7.337738e-01
6.073352e+03 7.131847e-01 5.135463e-02 7.329168e-01
6.074238e+03 6.790915e-01 5.135463e-02 7.320643e-01
6.075124e+03 5.856409e-01 4.915623e-02 7.312164e-01
6.076010e+03 6.215824e-01 4.915623e-02 7.303732e-01
6.076896e+03 5.989341e-01 3.671067e-02 7.295351e-01
6.077782e+03 6.854893e-01 3.663613e-02 7.287021e-01
6.078668e+03 7.164263e-01 3.663613e-02 7.278744e-01
6.079555e+03 5.928207e-01 6.316673e-02 7.270512e-01
6.080441e+03 5.588697e-01 7.576881e-02 7.262347e-01
6.081327e+03 5.642723e-01 4.819484e-02 7.254240e-01
6.082213e+03 7.146776e-01 7.547816e-02 7.246194e-01
6.083099e+03 5.704141e-01 4.819484e-02 7.238210e-01
6.083985e+03 6.284067e-01 4.226276e-02 7.230289e-01
6.084871e+03 6.348614e-01 7.547816e-02 7.222436e-01
6.085757e+03 5.488607e-01 5.482003e-02 7.214650e-01
6.086643e+03 5.458181e-01 4.006420e-02 7.206934e-01
6.087530e+03 5.684522e-01 2.750694e-02 7.199282e-01
6.088416e+03 7.031757e-01 4.006420e-02 7.191713e-01
6.089302e+03 6.565855e-01 4.006420e-02 7.184220e-01
6.090188e+03 6.267433e-01 5.681725e-02 7.176805e-01
6.091074e+03 6.339657e-01 5.681725e-02 7.169471e-01
6.091961e+03 7.412498e-01 5.681725e-02 7.162212e-01
6.092847e+03 6.794470e-01 8.158169e-02 7.155045e-01
6.093733e+03 7.732815e-01 9.489917e-02 7.147966e-01
6.094619e+03 7.314114e-01 9.489917e-02 7.140976e-01
6.095506e+03 8.401314e-01 8.491295e-02 7.134070e-01
6.096392e+03 6.275394e-01 8.491295e-02 7.127265e-01
6.097278e+03 7.147486e-01 8.077687e-02 7.120557e-01
6.098164e+03 7.895319e-01 8.729025e-02 7.113947e-01
6.099051e+03 7.485575e-01 8.729025e-02 7.107430e-01
6.099937e+03 6.882902e-01 8.729025e-02 7.101024e-01
6.100823e+03 6.089716e-01 8.077687e-02 7.094724e-01
6.101710e+03 8.481784e-01 8.916828e-02 7.088524e-01
6.102596e+03 5.822998e-01 1.030820e-01 7.082442e-01
6.103482e+03 7.090333e-01 1.030820e-01 7.076472e-01
6.104369e+03 6.938207e-01 1.030820e-01 7.070611e-01
6.105255e+03 7.846127e-01 7.288468e-02 7.064873e-01
6.106142e+03 6.787503e-01 7.288468e-02 7.059250e-01
6.107028e+03 7.027919e-01 7.288468e-02 7.053755e-01
6.107914e+03 7.510455e-01 9.766400e-02 7.048385e-01
6.108801e+03 7.448752e-01 1.055636e-01 7.043136e-01
6.109687e+03 6.083460e-01 1.166379e-01 7.038023e-01
6.110574e+03 7.968823e-01 1.166379e-01 7.033037e-01
6.111460e+03 8.924086e-01 1.166379e-01 7.028191e-01
6.112347e+03 5.916264e-01 1.201554e-01 7.023476e-01
6.113233e+03 7.186158e-01 1.036632e-01 7.018906e-01
6.114120e+03 7.350937e-01 1.036632e-01 7.014474e-01
6.115006e+03 6.820914e-01 8.137301e-02 7.010191e-01
6.115893e+03 7.843283e-01 4.633919e-02 7.006049e-01
6.116779e+03 8.197295e-01 2.761125e-02 7.002062e-01
6.117666e+03 6.945742e-01 4.633919e-02 6.998222e-01
6.118552e+03 7.011853e-01 7.214690e-02 6.994540e-01
6.119439e+03 6.885461e-01 2.761125e-02 6.991011e-01
6.120325e+03 6.712720e-01 6.491806e-02 6.987644e-01
6.121212e+03 8.531403e-01 2.559421e-02 6.984435e-01
6.122098e+03 6.568272e-01 5.771900e-02 6.981392e-01
6.122985e+03 6.730776e-01 1.045276e-01 6.978512e-01
6.123872e+03 7.796508e-01 1.087756e-01 6.975799e-01
6.124758e+03 7.727128e-01 1.087756e-01 6.973260e-01
6.125645e+03 8.655520e-01 1.015765e-01 6.970890e-01
6.126531e+03 5.611160e-01 1.087756e-01 6.968697e-01
6.127418e+03 6.620592e-01 1.015765e-01 6.966678e-01
6.128305e+03 8.209096e-01 1.015765e-01 6.964837e-01
6.129191e+03 8.997305e-01 9.422843e-02 6.963179e-01
6.130078e+03 7.472495e-01 9.326704e-02 6.961701e-01
6.130965e+03 7.738075e-01 9.326704e-02 6.960408e-01
6.131851e+03 7.743051e-01 7.850377e-02 6.959303e-01
6.132738e+03 7.033606e-01 6.499255e-02 6.958384e-01
6.133625e+03 8.024697e-01 6.499255e-02 6.957655e-01
6.134511e+03 7.011284e-01 8.913840e-02 6.957118e-01
6.135398e+03 7.541733e-01 8.913840e-02 6.956774e-01
6.136285e+03 7.660590e-01 7.975582e-02 6.956625e-01
6.137171e+03 6.617322e-01 5.164529e-02 6.956671e-01
6.138058e+03 8.329090e-01 5.164529e-02 6.956916e-01
6.138945e+03 7.874277e-01 3.977360e-02 6.957360e-01
6.139832e+03 8.122370e-01 3.977360e-02 6.958004e-01
6.140718e+03 8.426337e-01 3.977360e-02 6.958849e-01
6.141605e+03 7.240041e-01 3.977360e-02 6.959898e-01
6.142492e+03 7.527090e-01 4.796378e-02 6.961151e-01
6.143379e+03 7.731677e-01 5.466351e-02 6.962609e-01
6.144266e+03 6.287195e-01 7.752009e-02 6.964274e-01
6.145152e+03 7.155022e-01 7.752009e-02 6.966143e-01
6.146039e+03 7.766083e-01 9.780558e-02 6.968222e-01
6.146926e+03 7.334302e-01 1.008536e-01 6.970510e-01
6.147813e+03 9.576947e-01 9.402720e-02 6.973008e-01
6.148700e+03 7.896598e-01 8.123138e-02 6.975715e-01
6.149586e+03 6.898541e-01 8.123138e-02 6.978630e-01
6.150473e+03 7.824516e-01 8.123138e-02 6.981758e-01
6.151360e+03 8.310465e-01 5.816617e-02 6.985098e-01
6.152247e+03 8.934180e-01 4.741979e-02 6.988650e-01
6.153134e+03 9.352881e-01 4.741979e-02 6.992414e-01
6.154021e+03 8.961193e-01 4.247883e-02 6.996390e-01
6.154908e+03 9.298429e-01 3.820861e-02 7.000578e-01
6.155794e+03 9.171041e-01 3.820861e-02 7.004973e-01
6.156681e+03 8.233692e-01 3.270128e-02 7.009585e-01
6.157568e+03 8.165875e-01 3.270128e-02 7.014409e-01
6.158455e+03 7.879253e-01 4.559392e-02 7.019445e-01
6.159342e+03 7.296058e-01 5.754759e-02 7.024692e-01
6.160229e+03 7.132843e-01 5.754759e-02 7.030150e-01
6.161116e+03 8.697319e-01 8.898938e-02 7.035818e-01
6.162003e+03 7.203076e-01 1.047065e-01 7.041697e-01
6.162890e+03 6.688408e-01 1.047065e-01 7.047785e-01
6.163777e+03 9.499604e-01 1.145140e-01 7.054081e-01
6.164664e+03 8.385106e-01 1.023814e-01 7.060585e-01
6.165551e+03 7.502067e-01 1.020833e-01 7.067296e-01
6.166438e+03 8.338616e-01 1.118907e-01 7.074214e-01
6.167325e+03 7.268476e-01 1.020833e-01 7.081336e-01
6.168212e+03 7.033463e-01 9.013706e-02 7.088662e-01
6.169099e+03 8.097916e-01 9.233557e-02 7.096191e-01
6.169986e+03 6.557182e-01 8.126126e-02 7.103922e-01
6.170873e+03 7.182461e-01 8.126126e-02 7.111853e-01
6.171760e+03 7.359041e-01 8.126126e-02 7.119983e-01
6.172647e+03 6.434060e-01 8.126126e-02 7.128311e-01
6.173534e+03 5.834941e-01 8.126126e-02 7.136834e-01
6.174421e+03 6.954557e-01 7.989001e-02 7.145552e-01
6.175308e+03 7.552396e-01 8.392178e-02 7.154462e-01
6.176195e+03 5.988346e-01 7.212457e-02 7.163564e-01
6.177082e+03 7.607418e-01 8.298276e-02 7.172855e-01
6.177969e+03 7.798783e-01 8.298276e-02 7.182333e-01
6.178856e+03 8.474818e-01 1.027615e-01 7.191997e-01
6.179743e+03 7.774898e-01 1.025827e-01 7.201843e-01
6.180630e+03 6.891716e-01 8.298276e-02 7.211872e-01
6.181517e+03 8.524721e-01 1.025827e-01 7.222079e-01
6.182404e+03 7.447472e-01 1.025827e-01 7.232464e-01
6.183292e+03 8.521309e-01 1.053251e-01 7.243035e-01
6.184179e+03 8.127630e-01 1.053251e-01 7.253767e-01
6.185066e+03 6.922852e-01 1.053251e-01 7.264668e-01
6.185953e+03 6.922568e-01 9.097921e-02 7.275738e-01
6.186840e+03 7.858069e-01 7.140173e-02 7.286972e-01
6.187727e+03 8.658222e-01 9.097921e-02 7.298368e-01
6.188614e+03 7.380367e-01 7.140173e-02 7.309925e-01
6.189502e+03 6.818355e-01 7.140173e-02 7.321651e-01
6.190389e+03 6.349609e-01 5.403009e-02 7.333519e-01
6.191276e+03 7.781296e-01 5.403009e-02 7.345538e-01
6.192163e+03 7.779163e-01 5.403009e-02 7.357706e-01
6.193050e+03 7.314114e-01 4.894750e-02 7.370019e-01
6.193937e+03 7.453017e-01 6.163896e-02 7.382475e-01
6.194824e+03 8.350132e-01 3.774650e-02 7.395070e-01
6.195712e+03 6.985124e-01 3.774650e-02 7.407816e-01
6.196599e+03 6.730065e-01 2.694795e-02 7.420681e-01
6.197486e+03 7.440932e-01 3.740374e-02 7.433676e-01
6.198373e+03 7.402688e-01 3.236591e-02 7.446798e-01
6.199260e+03 7.347098e-01 3.236591e-02 7.460043e-01
6.200148e+03 7.088058e-01 3.562258e-02 7.473424e-01
6.201035e+03 7.542587e-01 3.041329e-02 7.486906e-01
6.201922e+03 7.184167e-01 3.562258e-02 7.500502e-01
6.202809e+03 6.751676e-01 3.562258e-02 7.514207e-01
6.203697e+03 7.072845e-01 4.145783e-02 7.528035e-01
6.204584e+03 6.833710e-01 4.145783e-02 7.541949e-01
6.205471e+03 7.437805e-01 5.433558e-02 7.555963e-01
6.206358e+03 7.708929e-01 8.521105e-02 7.570073e-01
6.207245e+03 9.314637e-01 9.600959e-02 7.584274e-01
6.208133e+03 8.293120e-01 1.105418e-01 7.598580e-01
6.209020e+03 7.205778e-01 1.141562e-01 7.612954e-01
6.209907e+03 9.470743e-01 1.141562e-01 7.627409e-01
6.210795e+03 8.660639e-01 1.141562e-01 7.641958e-01
6.211682e+03 7.557373e-01 1.149909e-01 7.656564e-01
6.212569e+03 8.647843e-01 1.185606e-01 7.671239e-01
6.213456e+03 7.883518e-01 1.149909e-01 7.685980e-01
6.214344e+03 6.191086e-01 1.149909e-01 7.700800e-01
6.215231e+03 8.532540e-01 1.046395e-01 7.715662e-01
6.216118e+03 7.373969e-01 1.082092e-01 7.730578e-01
6.217005e+03 6.862713e-01 1.369904e-01 7.745545e-01
6.217893e+03 7.768500e-01 1.369904e-01 7.760575e-01
6.218780e+03 7.243311e-01 1.369904e-01 7.775631e-01
6.219667e+03 8.843189e-01 1.237400e-01 7.790727e-01
6.220555e+03 7.388328e-01 1.237400e-01 7.805875e-01
6.221442e+03 9.197628e-01 1.102586e-01 7.821038e-01
6.222329e+03 7.544435e-01 1.102586e-01 7.836228e-01
6.223217e+03 7.834895e-01 9.106114e-02 7.851460e-01
6.224104e+03 8.483490e-01 6.128870e-02 7.866694e-01
6.224991e+03 8.489746e-01 4.598888e-02 7.881945e-01
6.225879e+03 9.010385e-01 4.598888e-02 7.897227e-01
6.226766e+03 7.921763e-01 6.128870e-02 7.912499e-01
6.227653e+03 8.278476e-01 5.634780e-02 7.927778e-01
6.228541e+03 8.514200e-01 8.612023e-02 7.943075e-01
6.229428e+03 7.414915e-01 8.612023e-02 7.958353e-01
6.230315e+03 8.617134e-01 8.667916e-02 7.973626e-01
6.231203e+03 8.062799e-01 1.047736e-01 7.988906e-01
6.232090e+03 9.778975e-01 1.206398e-01 8.004157e-01
6.232977e+03 9.657701e-01 1.412010e-01 8.019391e-01
6.233865e+03 7.966974e-01 1.253348e-01 8.034624e-01
6.234752e+03 7.067443e-01 1.598395e-01 8.049815e-01
6.235640e+03 8.625237e-01 1.253348e-01 8.064998e-01
6.236527e+03 7.133696e-01 1.575964e-01 8.080133e-01
6.237414e+03 6.907782e-01 1.253348e-01 8.095236e-01
6.238302e+03 8.834232e-01 1.154902e-01 8.110319e-01
6.239189e+03 8.871198e-01 6.803320e-02 8.125345e-01
6.240076e+03 7.356197e-01 4.256831e-02 8.140328e-01
6.240964e+03 8.067917e-01 4.553432e-02 8.155283e-01
6.241851e+03 8.654099e-01 4.553432e-02 8.170171e-01
6.242739e+03 8.599646e-01 5.116090e-02 8.185025e-01
6.243626e+03 8.491594e-01 5.104904e-02 8.199806e-01
6.244513e+03 8.209096e-01 4.688318e-02 8.214530e-01
6.245401e+03 9.020480e-01 4.688318e-02 8.229209e-01
6.246288e+03 9.410319e-01 4.820228e-02 8.243808e-01
6.247176e+03 8.826271e-01 5.706320e-02 8.258357e-01
6.248063e+03 8.321697e-01 5.706320e-02 8.272820e-01
6.248950e+03 9.007115e-01 5.287496e-02 8.287212e-01
6.249838e+03 8.592111e-01 5.706320e-02 8.301546e-01
6.250725e+03 7.515574e-01 5.287496e-02 8.315787e-01
6.251613e+03 8.019721e-01 6.235441e-02 8.329964e-01
6.252500e+03 7.932710e-01 7.694628e-02 8.344044e-01
6.253387e+03 8.906030e-01 8.267722e-02 8.358039e-01
6.254275e+03 8.550028e-01 8.267722e-02 8.371964e-01
6.255162e+03 7.469225e-01 1.015393e-01 8.385785e-01
6.256050e+03 8.433019e-01 1.015393e-01 8.399530e-01
6.256937e+03 7.819540e-01 8.528553e-02 8.413168e-01
6.257824e+03 9.156113e-01 8.528553e-02 8.426710e-01
6.258712e+03 7.939677e-01 7.529186e-02 8.440171e-01
6.259599e+03 8.192035e-01 7.529186e-02 8.453517e-01
6.260487e+03 7.528796e-01 7.529186e-02 8.466779e-01
6.261374e+03 7.803190e-01 7.529186e-02 8.479922e-01
6.262262e+03 8.576330e-01 5.449210e-02 8.492977e-01
6.263149e+03 7.294494e-01 5.449210e-02 8.505911e-01
6.264037e+03 6.918161e-01 3.410969e-02 8.518752e-01
6.264924e+03 8.338758e-01 6.025288e-02 8.531470e-01
6.265811e+03 8.394348e-01 4.596650e-02 8.544077e-01
6.266699e+03 8.398471e-01 2.573322e-02 8.556587e-01
6.267586e+03 8.513063e-01 2.553919e-02 8.568970e-01
6.268474e+03 7.596044e-01 2.278813e-02 8.581252e-01
6.269361e+03 8.096636e-01 2.428991e-02 8.593405e-01
6.270249e+03 8.051568e-01 3.527977e-02 8.605454e-01
6.271136e+03 7.879111e-01 5.613163e-02 8.617372e-01
6.272024e+03 8.449369e-01 5.613163e-02 8.629185e-01
6.272911e+03 8.481216e-01 3.893151e-02 8.640864e-01
6.273798e+03 7.258950e-01 4.334330e-02 8.652423e-01
6.274686e+03 7.906977e-01 6.385985e-02 8.663872e-01
6.289773e+03 8.899632e-01 5.938840e-02 8.839203e-01
6.290660e+03 8.780917e-01 7.584335e-02 8.848364e-01
6.291548e+03 8.524294e-01 5.938840e-02 8.857407e-01
6.292435e+03 9.323167e-01 6.639362e-02 8.866311e-01
6.293323e+03 9.808121e-01 6.639362e-02 8.875098e-01
6.294210e+03 8.620688e-01 8.284858e-02 8.883747e-01
6.295098e+03 8.516048e-01 1.041178e-01 8.892278e-01
6.295985e+03 7.734379e-01 1.032160e-01 8.900673e-01
6.296873e+03 8.977117e-01 1.099530e-01 8.908951e-01
6.301310e+03 1.018943e+00 9.230569e-02 8.948422e-01
6.302197e+03 7.901290e-01 1.036036e-01 8.955939e-01
6.303085e+03 7.922616e-01 1.036036e-01 8.963340e-01
6.303972e+03 7.012422e-01 9.230569e-02 8.970610e-01
6.304860e+03 7.863188e-01 7.286979e-02 8.977766e-01
6.305747e+03 8.929489e-01 6.021555e-02 8.984792e-01
6.306635e+03 8.636611e-01 6.021555e-02 8.991705e-01
6.307522e+03 9.007826e-01 5.729426e-02 8.998490e-01
6.308409e+03 9.547232e-01 5.729426e-02 9.005155e-01
6.309297e+03 8.937877e-01 5.729426e-02 9.011709e-01
6.310184e+03 8.550596e-01 6.096083e-02 9.018137e-01
6.311072e+03 9.104220e-01 6.096083e-02 9.024454e-01
6.311959e+03 8.380273e-01 6.096083e-02 9.030648e-01
6.312847e+03 7.303593e-01 6.696749e-02 9.036733e-01
6.313734e+03 9.178861e-01 6.696749e-02 9.042697e-01
6.314622e+03 8.627512e-01 6.886785e-02 9.048552e-01
6.315509e+03 8.163316e-01 6.029754e-02 9.054288e-01
6.316396e+03 1.009716e+00 6.029754e-02 9.059912e-01
6.317284e+03 9.740446e-01 5.827793e-02 9.065430e-01
6.318171e+03 9.150568e-01 6.029754e-02 9.070831e-01
6.319059e+03 8.590121e-01 6.029754e-02 9.076129e-01
6.319946e+03 9.741868e-01 6.029754e-02 9.081312e-01
6.320834e+03 9.688979e-01 6.429953e-02 9.086393e-01
6.321721e+03 9.052184e-01 9.375148e-02 9.091361e-01
6.322609e+03 9.281084e-01 1.256553e-01 9.096229e-01
6.323496e+03 8.035644e-01 1.377879e-01 9.100986e-01
6.324383e+03 9.998775e-01 1.754077e-01 9.105640e-01
6.325271e+03 7.375533e-01 1.754077e-01 9.110196e-01
6.326158e+03 9.812386e-01 1.754077e-01 9.114644e-01
6.327046e+03 8.429180e-01 1.754077e-01 9.118997e-01
6.327933e+03 1.079495e+00 1.283905e-01 9.123245e-01
6.328820e+03 9.728788e-01 9.662828e-02 9.127394e-01
6.329708e+03 9.357573e-01 7.866029e-02 9.131450e-01
6.330595e+03 9.025740e-01 6.627432e-02 9.135404e-01
6.331483e+03 9.803002e-01 4.781470e-02 9.139266e-01
6.332370e+03 1.052638e+00 4.781470e-02 9.143030e-01
6.333257e+03 9.985411e-01 6.627432e-02 9.146700e-01
6.334145e+03 9.659549e-01 7.866029e-02 9.150281e-01
6.345681e+03 9.833712e-01 9.059184e-02 9.188831e-01
6.346568e+03 7.733099e-01 1.188368e-01 9.191219e-01
6.347456e+03 9.332550e-01 1.188368e-01 9.193531e-01
6.348343e+03 1.059477e+00 1.188368e-01 9.195765e-01
6.349230e+03 9.589884e-01 1.490710e-01 9.197923e-01
6.350118e+03 8.008205e-01 1.490710e-01 9.200009e-01
6.351005e+03 8.126777e-01 1.490710e-01 9.202020e-01
6.351892e+03 8.798689e-01 1.371839e-01 9.203958e-01
6.352780e+03 1.084499e+00 1.382123e-01 9.205827e-01
6.353667e+03 8.432308e-01 1.095799e-01 9.207624e-01
6.354554e+03 1.009033e+00 1.095799e-01 9.209351e-01
6.355442e+03 9.054886e-01 1.095799e-01 9.211012e-01
6.356329e+03 1.010995e+00 9.293859e-02 9.212603e-01
6.357216e+03 1.083490e+00 7.666317e-02 9.214127e-01
6.358104e+03 1.110872e+00 7.021735e-02 9.215587e-01
6.358991e+03 1.037113e+00 6.664717e-02 9.216981e-01
6.359878e+03 1.062903e+00 6.664717e-02 9.218312e-01
6.360766e+03 1.008891e+00 6.052896e-02 9.219580e-01
6.361653e+03 1.070353e+00 6.664717e-02 9.220786e-01
6.362540e+03 1.136037e+00 6.052896e-02 9.221930e-01
6.363427e+03 9.850631e-01 6.664717e-02 9.223014e-01
6.364315e+03 1.037639e+00 7.700593e-02 9.224040e-01
6.365202e+03 9.564151e-01 9.853608e-02 9.225006e-01
6.366089e+03 9.964938e-01 9.853608e-02 9.225914e-01
6.366977e+03 8.897357e-01 8.788635e-02 9.226767e-01
6.367864e+03 1.076011e+00 1.012708e-01 9.227563e-01
6.368751e+03 9.569127e-01 1.012708e-01 9.228303e-01
6.369638e+03 9.826319e-01 1.183890e-01 9.228990e-01
6.370526e+03 1.069073e+00 1.077393e-01 9.229624e-01
6.371413e+03 9.469463e-01 1.043188e-01 9.230204e-01
6.372300e+03 9.199192e-01 1.043188e-01 9.230733e-01
6.373187e+03 1.088679e+00 1.043188e-01 9.231210e-01
6.374075e+03 1.008621e+00 1.230244e-01 9.231638e-01
6.374962e+03 8.960482e-01 1.009729e-01 9.232016e-01
6.375849e+03 1.051088e+00 1.073372e-01 9.232345e-01
6.376736e+03 9.777980e-01 9.029364e-02 9.232626e-01
6.377623e+03 8.454771e-01 8.674600e-02 9.232859e-01
6.378511e+03 8.657226e-01 6.349445e-02 9.233047e-01
6.379398e+03 9.579221e-01 4.153237e-02 9.233189e-01
6.380285e+03 9.721253e-01 4.153237e-02 9.233285e-01
6.381172e+03 9.242839e-01 3.882709e-02 9.233337e-01
6.382060e+03 9.556758e-01 3.882709e-02 9.233346e-01
6.382947e+03 9.278382e-01 3.882709e-02 9.233311e-01
6.383834e+03 8.608177e-01 3.882709e-02 9.233234e-01
6.384721e+03 9.034981e-01 3.882709e-02 9.233116e-01
6.385608e+03 8.996026e-01 3.696400e-02 9.232957e-01
6.386495e+03 1.000489e+00 4.609330e-02 9.232757e-01
6.387383e+03 1.013341e+00 3.585369e-02 9.232518e-01
6.388270e+03 9.662677e-01 3.720271e-02 9.232240e-01
6.389157e+03 9.628840e-01 3.720271e-02 9.231923e-01
6.390044e+03 1.008138e+00 3.024414e-02 9.231569e-01
6.390931e+03 9.824186e-01 3.729948e-02 9.231177e-01
6.391818e+03 9.299708e-01 3.729948e-02 9.230749e-01
6.392706e+03 9.128958e-01 3.729948e-02 9.230284e-01
6.393593e+03 9.387998e-01 3.650943e-02 9.229785e-01
6.394480e+03 1.065761e+00 3.650943e-02 9.229251e-01
6.395367e+03 9.447569e-01 2.834271e-02 9.228682e-01
6.396254e+03 9.291462e-01 2.861012e-02 9.228080e-01
6.397141e+03 9.728930e-01 2.918679e-02 9.227445e-01
6.398028e+03 9.730210e-01 2.919063e-02 9.226777e-01
6.398915e+03 9.731631e-01 2.919489e-02 9.226077e-01
6.399802e+03 1.001840e+00 3.005520e-02 9.225346e-01
6.400689e+03 1.001982e+00 3.005946e-02 9.224584e-01
6.401577e+03 1.002110e+00 3.006330e-02 9.223790e-01
6.402464e+03 1.002238e+00 3.006714e-02 9.222967e-01
6.403351e+03 1.028184e+00 3.084552e-02 9.222115e-01
6.404238e+03 1.026023e+00 3.078069e-02 9.221233e-01
6.405125e+03 1.040852e+00 3.597236e-02 9.220323e-01
6.406012e+03 7.946217e-01 9.089707e-02 9.219385e-01
6.406899e+03 9.807268e-01 9.874465e-02 9.218419e-01
6.407786e+03 1.023407e+00 9.874465e-02 9.217427e-01
6.408673e+03 7.997257e-01 1.437051e-01 9.216407e-01
6.409560e+03 9.304542e-01 1.075310e-01 9.215361e-01
6.410447e+03 9.881056e-01 8.721577e-02 9.214290e-01
6.411334e+03 1.016782e+00 8.721577e-02 9.213193e-01
6.412221e+03 8.733574e-01 8.721577e-02 9.212071e-01
6.413108e+03 9.477710e-01 8.721577e-02 9.210924e-01
6.413995e+03 8.557989e-01 1.004438e-01 9.209754e-01
6.414882e+03 8.694618e-01 1.004438e-01 9.208559e-01
6.415769e+03 9.808689e-01 8.721577e-02 9.207341e-01
6.416656e+03 7.833047e-01 7.481491e-02 9.206100e-01
6.417543e+03 8.829541e-01 5.100438e-02 9.204837e-01
6.418430e+03 9.337100e-01 7.883919e-02 9.203551e-01
6.419316e+03 8.871624e-01 7.883919e-02 9.202245e-01
6.420203e+03 9.275539e-01 7.883919e-02 9.200916e-01
6.421090e+03 9.687131e-01 7.307103e-02 9.199566e-01
6.421977e+03 8.044601e-01 8.595627e-02 9.198195e-01
6.422864e+03 1.053975e+00 8.595627e-02 9.196803e-01
6.423751e+03 8.814470e-01 1.273619e-01 9.195392e-01
6.424638e+03 9.700922e-01 1.273619e-01 9.193960e-01
6.425525e+03 8.947545e-01 8.595627e-02 9.192509e-01
6.426412e+03 8.281320e-01 8.098549e-02 9.191039e-01
6.427299e+03 9.824613e-01 8.095566e-02 9.189550e-01
6.428185e+03 9.127252e-01 8.095566e-02 9.188044e-01
6.429072e+03 8.789874e-01 8.296038e-02 9.186519e-01
6.429959e+03 9.581496e-01 8.407080e-02 9.184975e-01
6.430846e+03 8.790443e-01 8.296038e-02 9.183413e-01
6.431733e+03 7.404110e-01 8.407080e-02 9.181835e-01
6.432620e+03 8.448089e-01 8.808019e-02 9.180239e-01
6.433507e+03 9.260326e-01 8.808019e-02 9.178626e-01
6.434393e+03 9.121849e-01 8.808019e-02 9.176999e-01
6.435280e+03 9.989960e-01 7.043289e-02 9.175353e-01
6.436167e+03 8.623247e-01 4.795639e-02 9.173692e-01
6.437054e+03 9.006689e-01 4.795639e-02 9.172015e-01
6.437940e+03 8.475244e-01 5.118328e-02 9.170324e-01
6.438827e+03 8.838355e-01 5.118328e-02 9.168616e-01
6.439714e+03 8.872904e-01 5.118328e-02 9.166893e-01
6.440601e+03 9.491500e-01 5.118328e-02 9.165155e-01
6.441488e+03 9.046497e-01 5.575155e-02 9.163402e-01
6.442374e+03 1.063500e+00 9.618094e-02 9.161637e-01
6.443261e+03 8.935033e-01 9.662817e-02 9.159857e-01
6.444148e+03 8.717224e-01 1.379593e-01 9.158062e-01
6.445034e+03 9.933518e-01 1.564264e-01 9.156255e-01
6.445921e+03 8.517896e-01 1.379593e-01 9.154433e-01
6.446808e+03 9.145024e-01 9.662817e-02 9.152598e-01
6.447694e+03 1.087698e+00 9.966170e-02 9.150752e-01
6.448581e+03 9.308381e-01 6.877890e-02 9.148891e-01
6.449468e+03 9.732911e-01 6.438943e-02 9.147017e-01
6.450354e+03 1.001441e+00 6.623013e-02 9.145133e-01
6.451241e+03 1.069941e+00 6.623013e-02 9.143234e-01
6.452128e+03 1.009815e+00 6.623013e-02 9.141324e-01
6.453014e+03 9.566994e-01 6.623013e-02 9.139403e-01
6.453901e+03 8.904750e-01 6.623013e-02 9.137469e-01
6.454788e+03 1.072016e+00 6.623013e-02 9.135523e-01
6.455674e+03 9.418139e-01 9.021155e-02 9.133568e-01
6.456561e+03 8.937308e-01 9.021155e-02 9.131599e-01
6.457447e+03 8.777790e-01 9.625548e-02 9.129622e-01
6.458334e+03 9.836555e-01 6.596144e-02 9.127631e-01
6.459220e+03 8.613579e-01 6.173593e-02 9.125632e-01
6.460107e+03 8.619550e-01 7.728914e-02 9.123620e-01
6.460994e+03 9.397097e-01 8.899687e-02 9.121597e-01
6.461880e+03 9.167771e-01 7.728914e-02 9.119567e-01
6.462767e+03 9.864706e-01 7.728914e-02 9.117524e-01
6.463653e+03 8.496855e-01 7.728914e-02 9.115473e-01
6.464540e+03 9.417144e-01 7.770644e-02 9.113410e-01
6.465426e+03 9.794330e-01 7.880936e-02 9.111340e-01
6.466313e+03 8.670306e-01 8.941417e-02 9.109258e-01
6.467199e+03 9.337526e-01 7.880936e-02 9.107168e-01
6.468085e+03 8.552018e-01 7.260896e-02 9.105069e-01
6.468972e+03 7.834042e-01 7.260896e-02 9.102959e-01
6.469858e+03 8.758738e-01 4.847805e-02 9.100842e-01
6.470745e+03 8.767980e-01 2.630394e-02 9.098713e-01
6.471631e+03 8.842052e-01 2.652616e-02 9.096578e-01
6.472518e+03 8.886126e-01 2.665838e-02 9.094431e-01
6.473404e+03 8.628507e-01 2.588552e-02 9.092279e-01
6.484926e+03 8.839777e-01 2.651933e-02 9.063539e-01
6.485813e+03 9.710163e-01 3.187407e-02 9.061272e-01
6.486699e+03 1.066770e+00 6.399399e-02 9.059001e-01
6.487585e+03 9.090571e-01 9.581575e-02 9.056722e-01
6.488471e+03 9.040242e-01 9.581575e-02 9.054436e-01
6.489358e+03 8.689784e-01 9.021899e-02 9.052141e-01
6.490244e+03 7.414773e-01 1.068603e-01 9.049841e-01
6.491130e+03 9.250374e-01 1.068603e-01 9.047534e-01
6.492016e+03 8.993751e-01 1.068603e-01 9.045220e-01
6.492902e+03 8.230137e-01 1.068603e-01 9.042899e-01
6.493788e+03 9.822338e-01 1.200436e-01 9.040571e-01
6.494675e+03 8.295822e-01 1.200436e-01 9.038234e-01
6.495561e+03 8.599931e-01 1.200436e-01 9.035893e-01
6.496447e+03 9.277671e-01 1.155423e-01 9.033545e-01
6.497333e+03 7.418896e-01 6.766051e-02 9.031191e-01
6.498219e+03 9.040384e-01 6.766051e-02 9.028830e-01
6.499105e+03 8.427332e-01 6.766051e-02 9.026462e-01
6.499991e+03 7.820820e-01 7.298160e-02 9.024089e-01
6.500877e+03 7.872855e-01 7.298160e-02 9.021708e-01
6.501763e+03 8.652108e-01 7.298160e-02 9.019322e-01
6.502649e+03 8.653814e-01 9.341617e-02 9.016929e-01
6.503535e+03 6.881196e-01 9.341617e-02 9.014530e-01
6.504421e+03 8.428043e-01 9.341617e-02 9.012124e-01
6.505307e+03 9.463350e-01 1.068380e-01 9.009713e-01
6.506193e+03 8.460458e-01 1.068380e-01 9.007295e-01
6.507079e+03 8.900627e-01 7.564212e-02 9.004871e-01
6.507965e+03 9.182557e-01 4.189752e-02 9.002441e-01
6.508851e+03 7.842999e-01 4.189752e-02 9.000005e-01
6.509737e+03 7.771486e-01 4.189752e-02 8.997563e-01
6.510623e+03 7.872855e-01 5.508830e-02 8.995115e-01
6.511509e+03 7.513725e-01 6.318162e-02 8.992662e-01
6.512395e+03 8.205541e-01 4.574294e-02 8.990202e-01
6.513281e+03 6.810678e-01 4.574294e-02 8.987736e-01
6.516824e+03 8.365202e-01 6.318162e-02 8.977816e-01
6.517710e+03 7.851672e-01 6.318162e-02 8.975321e-01
6.518596e+03 7.999248e-01 7.014962e-02 8.972820e-01
6.519482e+03 7.967116e-01 5.683964e-02 8.970314e-01
6.520368e+03 7.142368e-01 5.683964e-02 8.967801e-01
6.607104e+03 7.307005e-01 4.850038e-02 8.691595e-01
6.607989e+03 8.595097e-01 7.315301e-02 8.688404e-01
6.608873e+03 8.024270e-01 8.828881e-02 8.685206e-01
6.609757e+03 9.301130e-01 9.782796e-02 8.681999e-01
6.610641e+03 8.946692e-01 9.782796e-02 8.678783e-01
6.611525e+03 7.939961e-01 7.497882e-02 8.675556e-01
6.612410e+03 7.080381e-01 7.464346e-02 8.672316e-01
6.613294e+03 9.255919e-01 4.816501e-02 8.669070e-01
6.614178e+03 8.691490e-01 2.966068e-02 8.665813e-01
6.615062e+03 8.692912e-01 2.607874e-02 8.662547e-01
6.615946e+03 8.694192e-01 2.608258e-02 8.659270e-01
6.616830e+03 8.695613e-01 2.608684e-02 8.655982e-01
6.617714e+03 8.697035e-01 2.609110e-02 8.652684e-01
6.618599e+03 8.510930e-01 2.553279e-02 8.649372e-01
6.619483e+03 8.512352e-01 2.553706e-02 8.646053e-01
6.620367e+03 8.513773e-01 2.554132e-02 8.642724e-01
6.621251e+03 8.515195e-01 2.554558e-02 8.639383e-01
6.622135e+03 8.477093e-01 2.543128e-02 8.636032e-01
6.623018e+03 8.586140e-01 2.575842e-02 8.632673e-01
6.623902e+03 7.984319e-01 2.395296e-02 8.629300e-01
6.624786e+03 8.607750e-01 4.645844e-02 8.625915e-01
6.625670e+03 8.484628e-01 4.645844e-02 8.622519e-01
6.626554e+03 7.753003e-01 6.422505e-02 8.619112e-01
6.627438e+03 7.468514e-01 6.933736e-02 8.615693e-01
6.628322e+03 8.957781e-01 6.114712e-02 8.612263e-01
6.629206e+03 8.838498e-01 6.114712e-02 8.608821e-01
6.630089e+03 7.823521e-01 4.534802e-02 8.605371e-01
6.630973e+03 7.124170e-01 4.534802e-02 8.601905e-01
6.631857e+03 7.591352e-01 3.279815e-02 8.598427e-01
6.632741e+03 7.609550e-01 4.534802e-02 8.594938e-01
6.633625e+03 8.007494e-01 4.534802e-02 8.591436e-01
6.634508e+03 8.127062e-01 4.534802e-02 8.587925e-01
6.635392e+03 7.899300e-01 5.971633e-02 8.584399e-01
6.636276e+03 9.381174e-01 8.131341e-02 8.580860e-01
6.637159e+03 7.274163e-01 1.144990e-01 8.577312e-01
6.638043e+03 8.084125e-01 1.160119e-01 8.573748e-01
6.638926e+03 8.825418e-01 1.448155e-01 8.570174e-01
6.639810e+03 7.364159e-01 1.160119e-01 8.566584e-01
6.640694e+03 8.738550e-01 8.642578e-02 8.562981e-01
6.641577e+03 7.899726e-01 1.006674e-01 8.559369e-01
6.642461e+03 9.288050e-01 1.287406e-01 8.555740e-01
6.643344e+03 8.920247e-01 1.013679e-01 8.552101e-01
6.644228e+03 8.718930e-01 8.863917e-02 8.548445e-01
6.645111e+03 7.637274e-01 6.651293e-02 8.544779e-01
6.645995e+03 9.476999e-01 6.651293e-02 8.541095e-01
6.646878e+03 8.624811e-01 1.013679e-01 8.537402e-01
6.647761e+03 8.208100e-01 1.257373e-01 8.533695e-01
6.648645e+03 8.623105e-01 1.380785e-01 8.529970e-01
6.649528e+03 7.223407e-01 1.137091e-01 8.526235e-01
6.650412e+03 8.859255e-01 1.380785e-01 8.522482e-01
6.699846e+03 7.542160e-01 1.424084e-01 8.286321e-01
